74.496216	-21.170319	0.28235295	4
76.45001	-54.170006	0.2857143	5
75.76803	-29.683584	0.42	5
84.58469	-49.840523	0.24324325	3
78.47968	-62.965878	0.32142857	4
72.938866	-50.81051	0.4347826	5
95.72768	-29.744925	0.08571429	2
86.33267	-56.988808	0.21052632	4
91.44065	-11.393835	0.0	1
95.17979	-45.60399	0.24657534	5
98.14325	-18.327085	0.09677419	4
99.46635	-23.609697	0.0	2
78.675186	-40.92605	0.25581396	5
94.133415	-17.02783	0.10344828	3
99.22714	-20.895767	0.09677419	1
89.88786	-15.682137	0.14634146	4
92.29126	-30.650328	0.13559322	4
93.915215	-21.837492	0.09677419	2
94.164246	-18.641775	0.20588236	3
70.58704	-66.69108	0.4651163	3
89.67661	-30.688648	0.03448276	4
85.6567	-24.157219	0.2888889	4
99.63387	-15.854823	0.0	3
98.83869	-22.19009	0.06666667	2
99.30717	-38.570473	0.15384616	3
92.4839	-15.762786	0.07692308	4
78.69068	-56.5853	0.3043478	3
85.19954	-15.601231	0.3	4
76.625305	-89.30446	0.2857143	5
94.87785	-26.108404	0.075	3
85.43526	-26.273306	0.17857143	3
74.42963	-83.01121	0.47826087	5
82.458466	-22.15221	0.2820513	2
68.59174	-52.717236	0.26086956	4
94.55114	-19.743843	0.12	3
83.95115	-37.985325	0.1875	4
87.8264	-21.39843	0.13333334	4
99.55112	-18.11557	0.0	3
93.45423	-50.991528	0.22727273	2
79.7791	-32.88276	0.22535211	5
82.839485	-31.621643	0.1724138	3
83.016266	-41.894794	0.2962963	3
87.4367	-45.74759	0.13043478	2
59.39626	-54.231243	0.33333334	4
90.20818	-80.28525	0.375	3
57.126236	-8.367205	0.359375	5
81.74365	-33.09281	0.24390244	3
63.071472	-36.498936	0.25	4
74.207985	-38.990646	0.23076923	3
87.7902	-17.220707	0.11111111	3
99.22901	-22.819294	0.16666667	3
82.08925	-42.68167	0.25	4
91.97108	-46.03821	0.3043478	4
53.25312	-84.3736	0.4	4
96.47596	-14.897026	0.0	4
86.07131	-24.99044	0.13793103	5
76.462654	-28.51787	0.34146342	5
95.76027	-35.794342	0.15555556	4
76.45043	-29.704966	0.3846154	3
91.46145	-41.918526	0.14634146	4
86.99719	-21.222	0.13793103	3
83.38406	-34.479218	0.25	3
86.03241	-38.000572	0.25	3
97.748795	-34.359093	0.2	5
91.62099	-25.757837	0.19607843	2
90.35036	-31.814453	0.17857143	4
85.51371	-14.154795	0.13043478	3
81.10832	-57.39229	0.27586207	2
87.79681	-18.63533	0.17391305	3
93.94841	-21.124037	0.04347826	1
77.5894	-30.313898	0.31578946	2
80.58209	-37.81002	0.2	2
88.74382	-15.823071	0.12698413	3
93.19285	-22.443657	0.09259259	3
94.95907	-14.918442	0.071428575	4
95.38678	-14.794816	0.14285715	3
92.525665	-19.052788	0.074074075	4
77.91432	-59.901207	0.4	4
88.01217	-33.562634	0.16	4
87.38723	-43.236206	0.21875	5
83.746506	-42.91703	0.4	3
81.06585	-28.70741	0.25925925	3
92.18831	-18.067228	0.14285715	1
89.79141	-22.713715	0.115384616	3
95.912964	-28.202084	0.1904762	2
82.51888	-19.272133	0.10526316	5
99.39612	-19.778526	0.03846154	3
99.62642	-32.380955	0.10526316	2
89.89553	-19.321466	0.22	2
49.41415	-10.558113	0.4047619	5
94.65231	-30.404186	0.20689656	3
80.48013	-31.917515	0.23809524	3
80.24617	-74.97668	0.17391305	5
80.29556	-26.990469	0.3	2
64.92411	-34.60549	0.26666668	5
85.82951	-21.223467	0.17142858	2
86.26839	-45.88722	0.15384616	3
99.38773	-40.72785	0.05	5
92.16531	-13.680698	0.12	3
85.67905	-44.348484	0.2413793	3
98.878296	-13.684897	0.102564104	2
89.97219	-20.529413	0.12	3
77.48743	-12.031611	0.15384616	3
91.63943	-20.376862	0.102564104	4
93.58114	-23.32598	0.04255319	4
92.51268	-19.157751	0.125	2
91.6765	-16.40544	0.03846154	3
85.40549	-46.805447	0.11111111	4
75.28904	-35.924507	0.36	3
93.14045	-22.127558	0.25	2
95.90653	-10.695259	0.114285715	3
84.06826	-29.06726	0.1724138	3
88.83818	-23.463102	0.31034482	2
67.61698	-56.912304	0.33333334	5
86.39282	-22.861526	0.05882353	2
84.730865	-14.395857	0.114285715	3
62.946938	-35.19257	0.375	5
61.388416	-43.455505	0.40816328	4
99.59389	-25.543747	0.13953489	3
66.761955	-29.645187	0.19178082	4
90.790596	-17.98951	0.22222222	4
81.221565	-22.712793	0.30357143	4
84.847145	-28.552578	0.16	3
74.728836	-41.94558	0.42424244	5
87.73465	-25.35093	0.25757575	2
78.79035	-50.16198	0.25	2
93.36385	-13.910958	0.16666667	3
91.587555	-10.804091	0.083333336	2
93.612854	-18.48798	0.10526316	3
65.55936	-44.142708	0.3846154	5
89.99198	-17.246836	0.051282052	3
80.238846	-54.662457	0.3382353	4
98.00671	-8.114048	0.1	1
84.90583	-31.407293	0.2631579	3
84.347404	-10.765085	0.045454547	2
85.17677	-33.04473	0.2962963	2
67.81475	-68.72264	0.4117647	3
89.20052	-36.233162	0.34375	4
87.7478	-46.8991	0.2888889	4
85.09993	-38.22176	0.22222222	3
77.57136	-33.170807	0.18181819	4
91.36906	-27.8059	0.14705883	3
82.06126	-46.291325	0.25	5
87.77579	-51.875916	0.2857143	3
76.41749	-21.906319	0.25925925	3
86.07898	-35.48652	0.33333334	4
48.44451	-81.73238	0.5833333	3
87.85486	-25.26972	0.15789473	3
90.18609	-22.97784	0.20967741	3
92.4901	-14.114603	0.1	2
87.414246	-29.829733	0.2	2
99.42448	-29.357553	0.14285715	3
86.126656	-28.887442	0.25	4
99.46149	-30.740122	0.074074075	4
91.10816	-25.347128	0.125	2
87.345146	-31.750528	0.15	1
78.49854	-36.449715	0.23809524	3
83.21719	-33.31698	0.32	3
79.72961	-41.166283	0.23076923	3
98.71194	-11.059743	0.12903225	2
85.07729	-22.039007	0.26086956	2
69.5701	-61.325253	0.2413793	3
82.911674	-25.684317	0.2	3
87.988716	-42.98826	0.1923077	2
95.771996	-28.029062	0.115384616	4
86.09988	-50.26365	0.31578946	2
72.91642	-80.22158	0.22727273	3
83.83347	-32.530937	0.1923077	4
90.670235	-29.898413	0.1764706	3
65.04674	-28.678368	0.28125	3
77.55648	-73.87725	0.3207547	4
79.524864	-31.910229	0.26086956	3
75.22063	-54.246563	0.44444445	4
65.43998	-55.84458	0.4	5
85.34928	-19.18382	0.23529412	2
88.05995	-35.190258	0.15789473	3
92.788956	-53.39387	0.2	3
88.779724	-18.210733	0.028571429	1
78.82513	-37.693157	0.30952382	5
91.682884	-17.156363	0.044444446	5
74.99462	-73.1975	0.375	4
89.78965	-28.454885	0.1	5
99.30266	-12.597322	0.06896552	2
77.613945	-50.328777	0.325	4
90.63548	-34.751858	0.20634921	4
98.90766	-35.669395	0.15384616	2
92.841934	-13.138979	0.075	2
68.39846	-52.66139	0.32142857	5
85.969826	-21.63765	0.17857143	3
99.35131	-17.593313	0.15789473	2
84.53843	-14.184595	0.1	3
92.9619	-21.569	0.125	3
68.61305	-38.324577	0.30769232	3
88.30189	-17.93656	0.09836066	2
93.690735	-17.654057	0.06666667	1
91.37576	-18.941832	0.11627907	2
92.03225	-9.605621	0.1923077	2
93.26962	-20.146624	0.08510638	1
84.48393	-17.072716	0.09375	3
92.82863	-24.567411	0.13333334	3
73.54664	-16.279795	0.26	5
89.51329	-27.213745	0.22950819	4
84.84458	-25.11083	0.28846154	2
77.48645	-37.87883	0.45833334	5
99.23674	-22.24033	0.0	3
83.915634	-24.79347	0.13333334	2
51.575256	-41.21214	0.2	5
99.2038	-20.454466	0.10344828	2
86.462135	-33.160183	0.13333334	2
73.60262	-48.79054	0.32258064	4
98.70876	-10.926925	0.10526316	3
70.22023	-43.52199	0.5	3
99.685234	-21.644207	0.12	3
91.8577	-25.359413	0.1	2
94.485115	-32.83126	0.08450704	5
86.9751	-19.053028	0.14285715	3
83.73199	-25.93787	0.30555555	3
88.53618	-47.991814	0.32352942	4
73.11376	-21.9441	0.3	5
95.06768	-14.784254	0.033333335	4
93.53426	-28.587101	0.07692308	3
90.99461	-15.826207	0.0952381	3
96.636505	-15.370076	0.121212125	4
75.68522	-31.384163	0.12	5
84.81579	-90.83752	0.33333334	3
72.672516	-41.919445	0.33333334	3
82.87622	-49.225895	0.21052632	3
97.143	-18.680445	0.06896552	3
87.967285	-55.275757	0.25	3
91.006966	-51.820175	0.1875	4
88.97466	-30.398699	0.09375	5
80.67881	-63.200016	0.14285715	5
90.37596	-21.139364	0.075	4
79.62188	-20.866951	0.2	3
93.6241	-13.312312	0.23809524	3
84.79693	-30.530071	0.18604651	3
89.31854	-13.194273	0.12820514	2
71.46567	-79.443245	0.1923077	5
99.781364	-26.17347	0.055555556	2
80.23422	-15.367068	0.17948718	3
90.255714	-28.000704	0.18518518	2
93.76488	-21.951464	0.10526316	2
83.13897	-43.38828	0.18518518	3
62.365013	-29.79063	0.42105263	4
99.92816	-20.153156	0.0	3
89.0838	-27.178835	0.2542373	3
95.416885	-14.500474	0.071428575	3
83.0581	-31.151293	0.3043478	3
76.83371	-8.943843	0.2	2
66.804504	-71.224106	0.3548387	5
88.83053	-22.177418	0.07692308	2
99.76328	-19.261267	0.02	3
90.55695	-83.89968	0.1764706	3
70.17201	-90.329155	0.42857143	3
100.0	-16.84577	0.0625	2
86.47167	-38.83357	0.13043478	3
76.788826	-53.285725	0.2857143	2
93.24463	-21.074154	0.1923077	3
94.960205	-33.425014	0.03125	4
82.06045	-90.34164	0.15625	5
82.44322	-39.36853	0.2	3
69.787926	-51.32019	0.45	5
77.80793	-74.02998	0.13043478	4
77.90633	-21.631012	0.1891892	5
83.59257	-28.229387	0.16393442	2
89.31906	-27.99126	0.22222222	2
82.0681	-34.870323	0.2542373	5
86.996605	-24.416254	0.1590909	3
87.32996	-17.166548	0.074074075	3
93.85338	-17.611324	0.10909091	3
78.189735	-37.371334	0.19354838	2
75.7387	-78.542046	0.23076923	3
94.971016	-26.480206	0.04	3
92.56982	-24.985302	0.11363637	4
79.16623	-40.40544	0.33333334	4
81.22353	-29.019522	0.33333334	3
87.17531	-28.092413	0.15789473	3
99.21806	-19.521328	0.0	2
75.53895	-50.773182	0.47727272	4
91.22335	-18.44585	0.13793103	4
81.67367	-42.082344	0.3448276	2
99.4898	-19.94022	0.1	2
82.23567	-19.533985	0.1	2
99.29127	-17.141506	0.06666667	2
72.46377	-46.96797	0.34375	4
69.62274	-29.059366	0.26086956	4
94.33362	-24.732891	0.23076923	4
69.829346	-33.764263	0.3188406	4
80.81416	-30.951612	0.33333334	4
59.014538	-14.756239	0.37931034	4
86.447105	-16.313519	0.26190478	2
71.293816	-51.02993	0.23076923	4
71.629364	-49.89028	0.4	4
91.21029	-13.06187	0.121212125	4
88.89894	-46.5434	0.1875	2
92.51686	-23.277895	0.11111111	1
90.18616	-23.735315	0.17073171	5
87.51204	-28.94608	0.1724138	3
79.95158	-50.296963	0.29411766	4
94.385124	-26.365358	0.1627907	2
91.98416	-30.163414	0.14285715	4
93.404236	-15.873187	0.13513513	4
66.27634	-49.899765	0.25	5
99.39353	-15.074752	0.0	2
79.548836	-27.67818	0.23913044	3
74.54085	-24.637474	0.16666667	5
85.43422	-39.663612	0.1	1
84.01217	-17.94619	0.14583333	2
69.12076	-36.939335	0.34615386	2
93.31533	-35.74679	0.08	2
89.889595	-27.506697	0.2	3
81.5835	-49.209713	0.30555555	4
99.883545	-19.398838	0.035714287	2
83.0099	-32.556297	0.22727273	3
91.373184	-54.271	0.26086956	4
93.34377	-23.093744	0.08695652	3
82.7808	-14.6634655	0.20289855	4
95.10003	-26.332836	0.14	5
90.47241	-22.387306	0.07317073	2
95.599525	-17.861444	0.125	3
90.3277	-11.215365	0.17391305	2
95.43825	-23.133518	0.15625	4
77.94916	-16.018429	0.25	3
100.0	-16.571651	0.14285715	2
75.0223	-32.666885	0.29310346	4
66.59304	-36.231514	0.3	4
90.998634	-19.194157	0.083333336	3
85.63146	-15.9580765	0.20547946	1
71.56044	-60.897358	0.36	2
75.33517	-38.085297	0.13513513	4
76.7774	-29.291574	0.18181819	2
86.6998	-57.150444	0.22222222	5
89.87589	-33.4955	0.20512821	4
61.785507	-39.726177	0.25	5
99.81932	-25.194242	0.15625	4
98.82602	-13.253508	0.0952381	3
77.29954	-49.01486	0.32142857	2
90.971016	-26.33527	0.102564104	5
85.99364	-33.067184	0.1875	3
89.765564	-17.9548	0.175	3
91.45691	-31.20813	0.07692308	2
85.75465	-22.424637	0.15789473	5
89.13939	-35.80394	0.121212125	3
76.24909	-39.12565	0.32	1
85.65204	-41.901325	0.33333334	3
84.30855	-33.92838	0.18181819	3
95.469734	-50.992466	0.33333334	2
86.70957	-12.471588	0.15384616	1
88.166046	-50.12638	0.3243243	4
99.77019	-22.521315	0.05882353	2
99.51997	-31.443098	0.055555556	3
93.342964	-26.278234	0.10526316	5
88.73268	-27.848255	0.24528302	2
93.35321	-28.289742	0.08695652	3
99.41543	-30.123304	0.13333334	4
87.15965	-21.781656	0.23214285	3
89.40694	-42.848827	0.10526316	3
82.90731	-35.62275	0.18518518	3
80.97251	-63.25786	0.36065573	4
70.09801	-32.523315	0.375	4
93.04111	-33.154224	0.05882353	3
91.741806	-41.823277	0.14705883	4
88.482574	-29.492567	0.1891892	5
93.04913	-23.326677	0.1	5
65.31312	-21.256536	0.32352942	2
91.219894	-17.575872	0.0952381	1
91.176186	-22.317307	0.15	2
98.871925	-28.341864	0.05	2
91.10916	-50.587105	0.12	4
82.32627	-23.649632	0.12	3
95.89059	-24.442783	0.054054055	3
73.743484	-57.07843	0.25	3
98.679085	-16.465117	0.05882353	3
84.71938	-22.093208	0.1627907	3
57.072052	-73.51777	0.5641026	4
83.65873	-74.42079	0.36363637	4
89.21052	-24.796112	0.072463766	3
82.82721	-59.02245	0.34375	3
79.13482	-47.367313	0.2857143	4
94.50443	-19.242409	0.07692308	2
88.2163	-23.617226	0.13333334	3
90.56564	-17.033228	0.0625	4
96.60662	-18.754572	0.032258064	4
88.79768	-18.250889	0.08450704	2
85.36812	-26.49843	0.22222222	1
85.6442	-45.062664	0.23076923	3
85.38517	-21.98608	0.26415095	2
83.744965	-19.382784	0.21621622	5
66.68144	-33.99663	0.26923078	4
93.92185	-30.955965	0.20833333	3
79.3125	-53.272167	0.36363637	4
80.36202	-31.550169	0.20833333	4
99.25727	-52.178738	0.1875	2
76.79572	-32.827988	0.08695652	2
95.345856	-25.90959	0.074074075	3
95.81819	-13.58853	0.08510638	2
78.580345	-32.73395	0.275	5
75.4996	-30.984093	0.23809524	2
84.616585	-28.533466	0.125	2
86.591354	-19.658892	0.1875	2
73.620834	-44.00924	0.31707317	5
87.62882	-25.762821	0.11320755	3
95.125145	-20.374434	0.09375	2
82.436905	-19.23039	0.083333336	1
64.81955	-79.064926	0.3846154	5
99.31181	-27.96217	0.06451613	5
79.18876	-21.364552	0.2	4
90.1807	-20.480816	0.1	4
72.6658	-70.03689	0.3469388	5
76.13514	-56.07983	0.4347826	5
73.733665	-80.583244	0.44186047	4
87.22639	-72.59522	0.22222222	4
95.67449	-13.013059	0.18604651	4
96.15774	-16.471025	0.07692308	1
98.83276	-14.153649	0.0	2
78.53014	-30.395348	0.27272728	3
90.15785	-15.76811	0.07692308	2
60.738453	-51.52396	0.23809524	5
93.365906	-29.992191	0.16438356	3
99.51302	-31.106728	0.16666667	2
88.567375	-28.186	0.15625	3
99.84396	-19.799809	0.0	3
90.31371	-26.851673	0.10526316	4
88.39073	-58.97451	0.13636364	4
94.97617	-27.756268	0.21212122	3
88.08154	-19.368628	0.1	2
72.490425	-74.08092	0.34210527	4
99.24543	-16.740921	0.14285715	4
95.80126	-23.566292	0.125	3
86.66781	-37.204647	0.2173913	3
80.60502	-40.604122	0.17948718	5
64.07463	-23.908342	0.5	5
78.820595	-36.89405	0.21428572	4
99.65873	-12.684936	0.0	3
84.78952	-21.056034	0.16666667	2
91.28052	-19.629557	0.06666667	2
87.20798	-24.88006	0.071428575	2
93.342705	-48.035393	0.1923077	3
78.15421	-70.899025	0.15151516	4
93.399155	-37.856728	0.24242425	5
85.081566	-26.48901	0.16	3
95.52158	-24.083714	0.083333336	4
64.693954	-60.146343	0.26666668	2
83.84185	-19.579472	0.14285715	1
99.42547	-16.333826	0.03125	3
70.27922	-24.598934	0.2777778	5
71.84714	-45.42591	0.50877196	4
95.53023	-30.509178	0.09375	3
78.71034	-55.360134	0.22222222	5
88.85483	-12.69013	0.1	2
86.16057	-34.756027	0.21212122	3
76.93727	-45.597736	0.31578946	4
96.76905	-22.628788	0.09375	4
92.70687	-14.106782	0.11956522	1
91.68667	-27.854445	0.11111111	1
83.047356	-16.112957	0.15789473	1
89.412476	-43.97085	0.1764706	2
91.998665	-20.23045	0.1764706	2
97.16605	-17.82467	0.10810811	2
81.76884	-30.20057	0.19565217	5
77.06556	-59.93673	0.2264151	5
91.35206	-25.184546	0.18181819	4
74.85328	-41.720814	0.2	3
95.99449	-18.325209	0.054054055	2
79.183136	-21.503693	0.2	4
78.82023	-15.870806	0.1	1
78.71146	-53.226795	0.27272728	4
96.256714	-35.48899	0.1764706	5
98.977806	-72.87642	0.0	3
90.15951	-25.750854	0.25	3
91.2959	-24.106726	0.20930232	4
72.987274	-27.110563	0.33333334	2
86.318436	-30.30164	0.20512821	3
93.33168	-15.573461	0.11111111	2
90.22504	-14.242596	0.16666667	2
81.870094	-37.292866	0.20408164	4
84.05509	-30.822187	0.14705883	2
90.57853	-14.243591	0.16129032	2
93.73091	-25.931032	0.18518518	2
100.0	-17.473137	0.0	3
71.21999	-40.85355	0.2820513	3
99.01256	-17.771053	0.22222222	1
87.70234	-48.53483	0.29411766	5
98.02647	-8.722737	0.09090909	1
85.589294	-15.594207	0.0	2
99.07235	-18.060814	0.114285715	3
99.18389	-12.519858	0.0	1
94.33354	-23.34795	0.074074075	2
75.08422	-25.53993	0.30769232	3
85.23758	-17.785484	0.22222222	5
71.77599	-21.137434	0.41666666	3
92.75424	-24.29191	0.04347826	2
88.60662	-38.90783	0.24	4
77.0895	-54.876335	0.37931034	5
92.072426	-48.454918	0.36	2
86.61409	-31.621397	0.18604651	3
94.45164	-17.906853	0.08888889	1
94.44345	-25.286861	0.14705883	3
77.46536	-19.689365	0.4105263	5
75.035995	-41.78983	0.2857143	5
89.887405	-39.74653	0.12820514	5
97.751656	-30.613325	0.27272728	4
92.64046	-20.291729	0.08163265	3
92.8331	-21.160322	0.14285715	3
84.96974	-24.87986	0.125	1
78.49471	-52.556656	0.1724138	2
87.343506	-42.871212	0.1764706	2
81.62584	-25.267376	0.26666668	3
88.06578	-31.7136	0.0	3
91.608406	-24.790834	0.06521739	3
70.66507	-28.9877	0.24	2
77.14316	-33.824455	0.45833334	5
98.91566	-37.54096	0.13636364	2
93.17597	-21.197466	0.18	4
92.99231	-37.7673	0.125	3
91.0485	-10.991556	0.06451613	3
91.947716	-42.723362	0.14705883	3
56.87529	-78.74483	0.35	5
87.115974	-16.083944	0.22580644	2
99.20757	-24.990292	0.07692308	2
94.02624	-20.987364	0.18367347	3
89.93132	-61.940014	0.0625	4
87.05384	-38.879444	0.08695652	1
88.96156	-38.19248	0.22222222	4
92.33798	-35.849346	0.26923078	4
88.9454	-47.494576	0.15	4
96.20755	-23.127466	0.08695652	2
84.844864	-39.244102	0.20930232	4
92.44385	-30.939617	0.24324325	2
71.20919	-20.51534	0.3	5
91.11986	-31.176725	0.16216215	3
96.59745	-26.102112	0.16	1
76.53495	-37.93337	0.26086956	3
72.42623	-36.83533	0.29166666	4
86.02446	-46.111893	0.20930232	4
99.96519	-18.664434	0.0	1
72.168686	-16.192753	0.28431374	5
87.05309	-26.542568	0.29411766	1
99.634766	-16.732382	0.04347826	2
94.06627	-13.574524	0.08163265	3
99.10765	-11.1013155	0.125	3
84.80497	-25.618057	0.1521739	3
86.697296	-19.19123	0.18518518	2
92.21049	-36.84759	0.13636364	4
94.65505	-31.545557	0.104166664	2
80.030785	-59.39354	0.41860464	4
84.876625	-42.109177	0.1904762	3
74.90836	-48.94586	0.29268292	4
94.82304	-48.856655	0.33333334	3
76.111664	-43.224976	0.25925925	4
89.805046	-17.688972	0.08510638	3
78.34842	-25.199833	0.102564104	2
76.10795	-80.81908	0.17391305	5
97.88068	-25.046461	0.05882353	2
73.0604	-61.57524	0.3030303	1
68.90644	-33.07612	0.125	4
95.105484	-20.461115	0.1	5
83.38362	-32.322403	0.21428572	4
86.600914	-32.920273	0.39130434	3
87.60005	-18.247396	0.14285715	2
88.44481	-35.278767	0.114285715	2
94.41809	-20.623938	0.18518518	3
80.15289	-53.49679	0.23076923	2
90.692635	-27.003628	0.2820513	2
86.20004	-23.84161	0.15	4
77.66676	-20.779232	0.20689656	3
84.9286	-40.360317	0.25490198	5
99.009415	-33.284084	0.19354838	3
78.88321	-27.720821	0.225	3
76.14643	-56.26676	0.37931034	4
93.461426	-20.55197	0.1724138	3
80.04487	-32.98201	0.16	3
92.196205	-30.415276	0.31034482	2
88.960266	-19.392958	0.14285715	2
79.33677	-33.2021	0.3	3
87.94598	-33.10237	0.20338982	4
85.28633	-26.372269	0.25454545	3
96.0086	-23.657883	0.069767445	4
98.81452	-29.483345	0.11111111	2
91.55853	-15.605975	0.09090909	5
85.55931	-30.463665	0.24	2
85.52771	-32.57423	0.14285715	2
86.85975	-32.511105	0.16666667	3
96.8618	-12.874899	0.069767445	2
92.941696	-24.188581	0.15	2
94.76301	-33.976063	0.033333335	2
99.62835	-38.296967	0.2173913	2
98.36426	-53.316162	0.275	4
93.65118	-31.196333	0.22727273	3
86.53278	-26.554949	0.1627907	2
92.71427	-20.664726	0.06666667	1
88.538124	-34.778316	0.34615386	2
81.920494	-30.231098	0.23404256	4
85.61237	-31.354433	0.16216215	4
69.23055	-56.879967	0.2777778	5
88.64771	-28.023954	0.16666667	2
92.602806	-21.081236	0.16666667	3
88.04577	-49.97704	0.29166666	2
99.78622	-39.830605	0.09090909	2
85.39714	-28.939512	0.18181819	5
87.98684	-38.628605	0.18309858	4
96.27313	-12.288291	0.114285715	3
99.42629	-11.810994	0.08695652	1
75.89381	-62.212635	0.24324325	5
60.70514	-59.755013	0.33333334	5
90.71924	-22.337284	0.33333334	3
70.33069	-36.050053	0.3	5
58.9038	-54.48299	0.4871795	5
93.509895	-41.90389	0.17777778	5
93.80217	-36.429085	0.21875	3
95.55186	-25.72355	0.035714287	2
95.022156	-18.57349	0.13793103	3
74.522804	-28.486696	0.29166666	4
90.10023	-28.616041	0.30769232	4
53.67745	-25.26543	0.40816328	5
75.007126	-30.207657	0.25	4
83.69569	-24.54186	0.25	4
92.70041	-22.335814	0.1891892	3
96.42828	-17.159214	0.09803922	3
78.48061	-28.855326	0.3478261	5
86.476265	-21.999603	0.23333333	3
90.586914	-26.414085	0.14285715	3
93.254974	-9.554214	0.15789473	3
86.30099	-45.38782	0.125	4
88.16243	-27.965925	0.115384616	2
86.422775	-17.666533	0.2	5
93.057556	-18.17292	0.12280702	3
88.58259	-41.272186	0.1904762	2
93.86721	-19.755856	0.03125	4
78.09	-20.838636	0.1875	2
74.87842	-44.79077	0.2777778	3
95.520775	-21.417038	0.13043478	2
84.32209	-25.339077	0.21212122	3
90.21655	-22.207401	0.2173913	2
91.211876	-23.286427	0.14814815	3
90.72691	-12.922928	0.09090909	1
73.55714	-26.539198	0.26530612	5
88.1688	-43.010338	0.30612245	3
87.05611	-61.803963	0.24590164	5
84.86929	-42.421112	0.2972973	3
78.54417	-59.199425	0.32786885	5
100.0	-35.297596	0.14285715	2
81.47837	-40.90264	0.24444444	5
88.66171	-71.69647	0.0	2
87.93439	-30.951294	0.34210527	4
98.58625	-6.8188434	0.09090909	3
56.81575	-103.36336	0.6363636	5
91.09841	-51.9056	0.16216215	5
92.91479	-20.023357	0.19117647	3
78.585846	-34.767975	0.19565217	3
89.76352	-23.494257	0.175	3
83.22579	-47.05331	0.2777778	3
89.84879	-15.092496	0.125	2
91.77846	-20.346426	0.1627907	4
63.333622	-92.28901	0.47826087	5
87.71787	-34.696095	0.16666667	5
85.9283	-26.071445	0.1627907	4
85.400856	-51.39858	0.2987013	4
78.84049	-34.679222	0.24	5
83.261925	-29.742767	0.22857143	3
80.76469	-35.195423	0.1724138	5
87.902695	-24.414774	0.0952381	3
79.13386	-26.014362	0.19354838	3
90.757904	-10.622241	0.1764706	4
77.45901	-49.4278	0.16666667	4
94.31806	-39.850044	0.2962963	4
99.43247	-11.767664	0.0	5
98.88089	-52.95828	0.33333334	5
75.916565	-52.43323	0.27272728	5
93.82596	-28.923693	0.14285715	4
73.98738	-47.19169	0.4347826	5
72.19582	-71.474945	0.3611111	4
96.759674	-23.212658	0.07692308	3
85.40074	-32.386345	0.10714286	2
84.80757	-37.872726	0.3846154	3
88.880226	-23.014772	0.118644066	4
68.23686	-29.031475	0.35714287	5
99.162	-20.431522	0.08695652	4
99.417175	-15.025613	0.0	2
93.89034	-14.596448	0.08888889	4
99.05942	-14.3531	0.05263158	4
88.99201	-22.08867	0.115384616	2
99.27148	-32.59077	0.06896552	4
94.388954	-21.04981	0.16666667	2
82.446495	-48.501854	0.15555556	4
77.59029	-49.388763	0.33333334	5
89.34849	-52.60464	0.2857143	5
85.76235	-36.974064	0.24	4
92.702866	-20.575048	0.13793103	1
89.40697	-26.348766	0.08	3
82.37019	-42.95078	0.23404256	5
99.328224	-15.6454935	0.035714287	2
77.78074	-35.28639	0.29411766	4
82.18683	-27.961357	0.11764706	5
84.62804	-29.880234	0.125	2
99.25872	-15.718274	0.05263158	3
82.76255	-20.658886	0.13043478	3
67.71638	-24.610126	0.38636363	4
80.54604	-34.779713	0.2	1
82.02133	-27.524803	0.18181819	5
76.79589	-47.858463	0.47826087	3
86.358795	-36.38817	0.13793103	4
75.83013	-62.126022	0.35849056	3
89.72889	-26.342274	0.25	4
88.31878	-20.774748	0.21428572	2
93.29837	-34.344402	0.05882353	3
88.29603	-25.874197	0.11320755	3
94.470314	-19.946411	0.032258064	3
81.18252	-16.570023	0.19178082	3
95.78112	-25.517347	0.03448276	3
80.14198	-28.508766	0.15789473	3
92.5851	-23.981728	0.10526316	3
71.147644	-48.56151	0.2173913	5
83.25467	-34.665985	0.36734694	3
77.11621	-23.53623	0.275	4
83.14211	-35.30636	0.22222222	5
92.86628	-22.460918	0.20588236	4
98.609764	-11.771613	0.15384616	1
86.708115	-31.154514	0.24324325	3
98.78155	-55.817337	0.10526316	2
89.58499	-31.482666	0.13793103	3
99.273796	-27.2325	0.08	3
96.958626	-13.293856	0.04761905	3
79.76138	-29.702202	0.22727273	3
90.08345	-23.714947	0.35849056	4
68.67263	-12.940079	0.23076923	5
75.95079	-12.153564	0.24	3
67.40594	-15.792498	0.4	5
98.95148	-19.984442	0.13793103	2
74.07759	-32.50689	0.27659574	4
98.896225	-25.556374	0.14285715	3
84.54914	-20.88684	0.23076923	1
85.998184	-30.62668	0.17391305	2
88.40414	-32.957123	0.1521739	3
76.524414	-24.239681	0.2	3
72.52495	-44.610382	0.32608697	4
85.51791	-16.097244	0.2173913	1
82.473526	-66.23338	0.31034482	5
88.81746	-35.672028	0.1590909	5
67.70728	-175.28514	0.35	5
90.7383	-28.123156	0.13043478	5
77.178444	-23.83944	0.25882354	5
61.19373	-29.918575	0.3	5
98.9317	-9.031107	0.055555556	3
72.49407	-68.00642	0.26923078	5
93.020546	-18.406746	0.10526316	3
92.71904	-21.334816	0.09090909	3
96.70952	-22.395267	0.08108108	1
90.664986	-22.439337	0.17142858	1
99.253	-18.992516	0.055555556	3
87.09771	-26.608822	0.13953489	3
91.66036	-38.02494	0.14285715	4
63.77674	-25.187967	0.33333334	5
95.83575	-32.5426	0.11363637	2
89.94339	-30.485497	0.0952381	3
92.71649	-29.847832	0.13333334	3
95.64038	-18.648409	0.15151516	2
98.99162	-21.026308	0.1764706	5
96.36551	-30.416052	0.08108108	3
90.2918	-44.80184	0.1	4
99.66778	-23.306448	0.06666667	3
71.21044	-70.60609	0.3125	5
90.206116	-31.02743	0.08	4
83.45749	-21.142662	0.3529412	5
75.17464	-17.355894	0.28125	5
76.58221	-61.598072	0.22	4
75.44539	-41.944817	0.2580645	3
80.83016	-43.15538	0.1904762	4
67.51836	-48.609756	0.36363637	4
99.64995	-26.6408	0.10526316	3
99.41934	-16.761776	0.075	3
85.934685	-34.311554	0.08163265	2
99.18288	-26.60668	0.05882353	2
63.803127	-73.10399	0.4375	4
90.93073	-17.498722	0.07692308	4
76.94262	-27.188025	0.26666668	2
83.24613	-46.455944	0.27027026	3
87.58864	-37.620583	0.27272728	2
96.15171	-18.753595	0.11627907	3
99.52746	-17.495974	0.13043478	1
92.33289	-25.293509	0.15625	2
84.91047	-80.78287	0.18181819	2
73.65805	-25.27042	0.2580645	3
70.41081	-61.66825	0.36231884	4
99.76717	-163.64859	0.11111111	3
96.60882	-14.410082	0.05	1
61.62955	-56.453495	0.38297874	5
88.8921	-46.540348	0.05882353	5
99.29139	-19.585373	0.21621622	4
99.14469	-21.497204	0.037037037	2
92.88285	-62.170376	0.071428575	5
80.60707	-39.081142	0.31111112	4
95.04601	-37.594425	0.06666667	5
91.84752	-31.95945	0.16666667	2
66.99144	-35.792397	0.6666667	5
93.32528	-36.233482	0.1632653	3
93.87118	-42.96452	0.25	1
92.06327	-16.066456	0.13953489	2
72.97974	-36.549404	0.26666668	4
84.12829	-38.86753	0.275	4
90.658356	-24.896933	0.2647059	2
88.573944	-24.290672	0.25	2
74.18759	-48.614628	0.2888889	5
96.96222	-21.812386	0.14583333	2
84.19893	-22.500813	0.23076923	3
76.39951	-31.427673	0.27586207	5
88.798874	-42.080376	0.0952381	3
90.295364	-45.069553	0.13953489	5
89.91369	-20.053442	0.23255815	3
93.06697	-44.138947	0.11111111	2
77.951584	-62.836983	0.3611111	5
73.98408	-21.85528	0.26086956	1
89.85728	-64.718346	0.25714287	2
83.80109	-41.44834	0.1724138	3
94.84659	-20.304445	0.054054055	2
90.8578	-14.503408	0.093023255	2
75.61272	-63.19481	0.36	3
81.15633	-62.19746	0.25	5
83.77122	-27.704218	0.19565217	3
96.34883	-16.886974	0.11904762	3
85.86717	-25.432775	0.14285715	3
84.62369	-35.75435	0.13043478	3
73.91466	-43.134174	0.2631579	2
74.4645	-85.2859	0.3448276	5
64.15685	-81.87617	0.53488374	5
98.9524	-26.618002	0.06666667	3
92.648445	-15.656014	0.11627907	2
87.28517	-55.590286	0.24324325	3
60.52467	-57.785286	0.33333334	5
90.27611	-53.065372	0.1875	3
99.73069	-7.959483	0.0	3
85.95482	-32.500328	0.074074075	2
82.13887	-41.953457	0.2826087	4
83.113365	-26.324036	0.25925925	5
79.80649	-33.48106	0.31111112	5
86.88569	-39.549915	0.29787233	3
74.12373	-71.00647	0.20408164	5
99.42017	-12.334248	0.055555556	2
82.35295	-35.239796	0.22807017	1
70.38178	-57.057858	0.27272728	3
93.94992	-21.760506	0.11111111	3
100.0	-32.853695	0.1923077	2
91.76043	-16.802425	0.375	2
94.97294	-17.536173	0.22222222	4
92.581055	-25.63447	0.17741935	3
69.172554	-20.553675	0.39285713	4
95.477165	-15.878225	0.060606062	2
78.24782	-32.506332	0.1875	3
87.809944	-63.628407	0.46666667	3
74.48186	-41.02599	0.083333336	1
93.30712	-24.571362	0.12	2
88.374855	-40.15687	0.1891892	3
65.461235	-35.413918	0.30232558	5
99.302925	-24.200768	0.0	2
94.79554	-17.11338	0.10714286	2
86.28177	-30.32993	0.16666667	2
96.2215	-12.946695	0.07692308	2
100.0	-23.004192	0.17391305	5
65.62022	-48.35196	0.39130434	5
86.24065	-30.12858	0.22222222	4
92.82269	-34.43521	0.11764706	3
88.82003	-21.837652	0.23529412	4
92.939354	-17.982668	0.14285715	3
80.95444	-53.786903	0.24444444	3
95.793236	-24.460747	0.04	3
79.841576	-19.162743	0.203125	2
100.0	-45.50517	0.083333336	4
79.54227	-20.73644	0.3	3
70.310715	-16.910759	0.4680851	5
89.58046	-17.985067	0.11764706	3
66.647675	-39.491817	0.42307693	5
99.42982	-27.054207	0.2173913	2
83.11295	-31.408691	0.14285715	2
81.71193	-36.60025	0.19354838	4
72.43396	-38.68866	0.34146342	4
94.7545	-27.145603	0.09677419	4
93.59229	-14.8454	0.060606062	2
91.69819	-16.711233	0.03448276	2
64.055115	-31.161594	0.33333334	2
97.79089	-40.666115	0.15384616	2
93.994194	-17.22733	0.2962963	3
92.55229	-23.986935	0.25	2
79.65865	-54.776924	0.2857143	4
73.5597	-61.47774	0.5	4
87.18893	-57.246548	0.26190478	5
94.0351	-42.86363	0.08695652	5
85.95475	-28.896784	0.21428572	3
86.96872	-37.081245	0.08695652	3
73.46012	-22.634464	0.3	2
99.76496	-9.878652	0.0	5
87.90167	-16.213247	0.075	3
84.60022	-23.966137	0.22807017	5
67.40543	-75.9664	0.2173913	2
82.02303	-88.99755	0.3469388	5
83.18198	-39.286503	0.10526316	4
86.88726	-29.348057	0.21212122	3
95.73835	-37.397484	0.2	4
82.471924	-52.480675	0.175	2
94.82617	-15.002801	0.11666667	2
86.14138	-21.306276	0.13432837	3
83.5679	-26.123913	0.1904762	4
92.44682	-29.464737	0.22916667	2
76.7765	-18.84446	0.18518518	4
89.71141	-42.91012	0.125	3
90.55168	-13.344943	0.06451613	3
93.23738	-19.537306	0.0625	2
94.33446	-24.889208	0.20588236	2
57.362656	-24.077547	0.37777779	5
69.78503	-87.81746	0.34567901	5
90.81267	-35.907436	0.19672132	2
85.71242	-47.916355	0.25	3
80.10469	-50.42035	0.2888889	5
93.785484	-25.322351	0.08695652	3
72.54957	-23.051983	0.25	5
98.251724	-16.148811	0.11627907	2
95.76211	-40.120415	0.2	4
84.24418	-29.446854	0.09375	2
83.327515	-42.509735	0.27419356	4
89.60508	-53.38602	0.16666667	5
89.91507	-34.55526	0.03846154	4
86.22788	-25.00301	0.16216215	5
83.170395	-23.394716	0.21428572	3
97.84452	-29.230942	0.083333336	2
89.85795	-38.22717	0.45454547	2
70.81195	-77.617325	0.3809524	3
67.67855	-53.20145	0.3529412	4
86.87757	-17.27599	0.10769231	3
63.08334	-18.848051	0.59090906	4
83.81774	-24.590092	0.14814815	3
83.97171	-20.626102	0.15789473	3
84.00163	-22.33513	0.15384616	2
84.64711	-29.76134	0.2857143	2
77.04337	-42.307613	0.2244898	4
85.83779	-27.405573	0.26666668	3
85.21362	-65.1799	0.2777778	3
89.32473	-8.917241	0.14285715	3
98.05544	-23.116898	0.0952381	1
72.20904	-34.16191	0.2962963	3
83.43406	-43.046352	0.3877551	3
95.07751	-11.475015	0.121212125	2
94.97795	-25.338568	0.16666667	3
89.0256	-18.518671	0.19354838	3
90.39415	-18.323425	0.1875	3
63.109436	-21.450668	0.4074074	5
94.77266	-16.449995	0.07692308	2
100.0	-18.30826	0.06666667	2
92.93025	-32.112576	0.19148937	3
95.07349	-23.475767	0.1	2
67.45665	-61.68574	0.40625	4
98.5831	-13.207863	0.14285715	3
87.33654	-34.278175	0.2	3
77.51976	-55.049294	0.39534885	3
61.834724	-54.480457	0.3548387	5
87.15915	-28.288311	0.17391305	2
98.95012	-20.871128	0.125	3
96.003944	-36.192215	0.125	3
61.89804	-70.8778	0.41379312	3
97.97815	-26.08834	0.15384616	2
84.71494	-42.8214	0.27272728	3
90.06871	-19.96854	0.18181819	4
69.42579	-51.64486	0.35	5
92.540504	-27.550077	0.12	3
84.94534	-29.019548	0.22222222	3
95.07497	-33.86765	0.26760563	3
92.26778	-33.62969	0.13333334	3
87.58391	-32.98512	0.12	3
84.54536	-27.337126	0.04761905	2
85.24025	-30.160555	0.20408164	2
79.39493	-29.232027	0.15625	2
82.88029	-17.580803	0.083333336	2
89.98807	-22.111689	0.035714287	2
98.33343	-26.11331	0.13333334	3
82.40344	-25.77255	0.17391305	4
82.61125	-29.470873	0.375	5
91.529884	-38.22771	0.2	2
87.18326	-26.123657	0.22033899	2
88.20933	-33.556465	0.1724138	2
90.73162	-15.538963	0.13846155	1
80.86312	-47.61465	0.23809524	1
95.5896	-15.993351	0.11627907	3
99.85606	-30.344467	0.1	3
79.211	-67.33686	0.25925925	5
86.394394	-51.17151	0.28	3
100.0	-19.637455	0.0625	2
81.44851	-14.85282	0.16666667	4
94.573	-35.753185	0.0625	4
87.63714	-21.79996	0.15	4
89.88864	-27.182009	0.093023255	3
85.20755	-46.11413	0.31034482	4
60.772846	-45.34348	0.34375	5
98.11188	-20.73451	0.05263158	2
91.3152	-27.712948	0.16666667	3
67.021645	-31.29672	0.41463414	4
71.54566	-46.684227	0.29411766	5
93.84924	-33.627567	0.057692308	3
94.21379	-29.191498	0.14285715	3
89.80868	-14.488937	0.13333334	3
87.921394	-21.892754	0.0952381	2
85.62964	-37.86121	0.19512194	3
96.440506	-25.726974	0.1	2
80.04614	-33.34297	0.27586207	3
92.681625	-32.53089	0.2972973	2
89.99985	-31.264526	0.11627907	2
99.33724	-18.150597	0.15	3
89.185616	-26.518322	0.2173913	3
91.15935	-48.83309	0.2631579	2
88.01744	-22.74797	0.0952381	3
82.12786	-38.278378	0.28333333	4
89.72787	-19.679873	0.25	3
63.765526	-36.02762	0.4	2
78.11687	-18.95188	0.27272728	3
77.8645	-30.575432	0.3015873	5
75.22808	-20.63999	0.2173913	5
89.02527	-41.608948	0.18181819	2
88.16714	-35.32085	0.15384616	3
75.90197	-45.3119	0.34375	5
98.35152	-22.845709	0.0625	3
84.057755	-32.436623	0.19444445	4
90.45717	-33.787388	0.11627907	5
99.39808	-15.683537	0.16666667	2
99.04223	-23.020393	0.102564104	2
63.018635	-99.49474	0.46875	4
79.30569	-30.612902	0.20512821	4
99.297264	-31.571356	0.121212125	2
76.90869	-30.115105	0.2647059	2
89.96108	-11.3644495	0.074074075	3
95.104416	-25.32318	0.2413793	3
87.32737	-22.564465	0.121212125	2
92.01819	-26.784975	0.2173913	3
82.17368	-15.329942	0.21052632	3
82.97259	-50.32431	0.29411766	5
68.2999	-70.98533	0.36363637	5
80.00834	-40.511284	0.21428572	5
81.49007	-30.02687	0.2	3
99.742195	-32.341705	0.0	1
72.38417	-35.238003	0.33898306	3
84.40504	-33.16421	0.20289855	2
85.65158	-52.05848	0.1632653	3
90.58469	-25.284016	0.1	3
90.64231	-35.848145	0.2857143	3
98.82076	-17.666357	0.05882353	3
85.93928	-18.953583	0.15384616	3
69.50172	-44.65813	0.34375	5
98.60085	-23.048359	0.13513513	2
91.2914	-41.5581	0.16981132	3
59.73641	-34.976654	0.36956522	5
98.99224	-17.502245	0.125	3
98.97072	-17.396898	0.04	2
82.547745	-58.22326	0.2987013	4
88.93073	-29.426147	0.2	3
88.96626	-22.7224	0.21428572	3
66.948845	-8.164688	0.46153846	5
87.02946	-35.660435	0.13793103	3
88.9199	-24.178366	0.0	2
72.79668	-74.50149	0.23809524	5
90.72387	-58.574833	0.15384616	5
88.26955	-15.503294	0.15384616	3
99.56722	-22.234203	0.06666667	2
87.62538	-50.21038	0.26785713	4
88.99682	-19.984644	0.08695652	3
69.23763	-41.97958	0.375	2
59.361835	-71.35131	0.27272728	5
85.742134	-20.8144	0.115384616	3
97.113335	-18.388689	0.10526316	4
86.08464	-29.445204	0.21621622	2
98.59955	-21.486767	0.14285715	4
67.80372	-39.97649	0.4347826	5
89.82509	-24.88012	0.27272728	2
90.6088	-13.879981	0.05882353	2
95.997	-24.6301	0.115384616	3
90.026276	-14.5011835	0.07692308	4
82.61467	-44.878056	0.25	3
91.03681	-26.362324	0.13333334	2
87.34675	-21.30415	0.2	2
80.14643	-21.74897	0.16129032	2
68.30619	-182.69214	0.4117647	5
90.84831	-19.137926	0.2	3
93.90641	-16.795433	0.22727273	2
93.09946	-29.225124	0.125	3
72.385635	-68.46122	0.42857143	3
99.155014	-34.43494	0.16666667	3
78.94168	-46.703304	0.25	3
98.35135	-18.904398	0.08888889	3
84.18442	-21.113628	0.16129032	3
78.03657	-26.76585	0.3125	3
85.383835	-47.96669	0.35384616	4
67.493355	-116.00163	0.34285715	5
95.75258	-20.51927	0.114754096	3
94.612976	-24.823048	0.13333334	2
99.82887	-18.152203	0.05	2
80.583496	-23.020525	0.22727273	3
92.492615	-19.483038	0.10909091	3
100.0	-18.929699	0.15384616	2
67.0679	-27.429775	0.33333334	2
85.14819	-50.94293	0.3181818	4
94.86386	-19.469124	0.1627907	3
82.60881	-9.344614	0.09375	3
99.90067	-16.817736	0.18181819	1
76.765724	-78.561386	0.15384616	2
98.966866	-20.149618	0.25	1
92.94472	-49.02978	0.16129032	3
90.04226	-21.75734	0.11627907	4
93.330925	-16.267992	0.125	3
91.99144	-51.461266	0.23913044	4
82.319626	-44.29146	0.2	4
99.77793	-13.977435	0.05	3
62.789837	-37.0948	0.29411766	4
84.72208	-20.503757	0.17391305	3
72.04074	-46.902504	0.36842105	4
97.66998	-19.984747	0.105882354	2
82.07518	-39.249237	0.25	2
54.902214	-155.58318	0.5833333	3
99.30322	-18.29911	0.09375	3
88.74075	-28.61761	0.2	1
66.39707	-105.46261	0.4	5
81.97499	-36.708385	0.2857143	4
99.55592	-19.229343	0.09090909	5
93.02667	-20.50806	0.16666667	4
98.79791	-24.735617	0.07692308	4
79.944466	-31.425756	0.18181819	3
86.15636	-43.574566	0.27906978	3
82.611015	-32.00476	0.25581396	3
65.00368	-39.065792	0.4375	5
95.66313	-19.206936	0.06382979	4
84.441414	-32.978355	0.32	3
99.80656	-20.13369	0.08571429	1
99.48518	-33.011303	0.05882353	3
92.6286	-47.302147	0.29411766	4
80.30037	-26.03097	0.13513513	3
92.10134	-29.013037	0.11627907	3
96.02422	-23.13048	0.10638298	2
92.501335	-26.443869	0.083333336	4
86.97955	-50.983624	0.19444445	4
99.49847	-14.617584	0.055555556	2
85.87055	-21.271053	0.17777778	4
95.49872	-11.977097	0.093023255	1
93.2228	-36.347248	0.071428575	4
99.337585	-14.887767	0.11111111	3
80.40605	-33.262196	0.26666668	3
95.645775	-25.051523	0.102564104	2
77.40086	-22.632368	0.15384616	5
88.40709	-22.14915	0.15789473	3
49.742737	-94.45362	0.54545456	5
78.79886	-29.55682	0.1923077	3
99.1873	-12.835483	0.0	2
91.5711	-24.264479	0.093023255	3
80.18746	-25.804241	0.125	4
75.17359	-34.597534	0.3478261	5
85.59678	-30.880188	0.22580644	4
91.0652	-21.304914	0.11627907	3
64.76126	-35.372017	0.35714287	4
73.735916	-36.754868	0.3918919	5
92.005615	-21.94283	0.13043478	3
95.072716	-31.395454	0.30769232	3
99.66893	-22.282022	0.032258064	3
83.91955	-39.06245	0.18604651	3
90.48393	-41.333046	0.1923077	3
99.25212	-28.109709	0.057142857	3
86.337395	-29.753225	0.21052632	3
59.101223	-11.996832	0.4054054	5
65.375015	-78.538185	0.5555556	3
80.7367	-13.15454	0.13043478	4
85.43354	-64.21173	0.14285715	3
69.35893	-64.80356	0.3125	4
86.39882	-42.472523	0.083333336	3
64.0553	-52.239082	0.4347826	4
94.45832	-21.193861	0.055555556	3
75.28403	-35.984005	0.2962963	5
92.60137	-20.56115	0.04109589	3
79.60938	-80.095436	0.3181818	2
94.01466	-23.50268	0.14285715	4
88.02171	-22.533482	0.26086956	5
77.081154	-32.044415	0.20689656	2
99.98016	-28.651808	0.13636364	2
87.11279	-13.212078	0.1	1
87.10979	-25.811972	0.041666668	3
93.452095	-35.14684	0.21621622	3
87.159164	-37.30069	0.18604651	5
99.26398	-9.622035	0.14285715	2
98.604195	-22.248476	0.12195122	3
82.795074	-37.661415	0.23255815	3
96.07206	-44.419216	0.175	5
73.253746	-41.850147	0.27586207	3
90.57804	-62.19869	0.25	3
78.84561	-27.485947	0.17073171	4
74.42828	-81.581276	0.375	3
61.932156	-6.6160593	0.06666667	5
81.079865	-33.687187	0.25531915	3
87.303894	-16.935032	0.16666667	2
66.79271	-56.40759	0.3125	3
88.92745	-83.27877	0.23529412	4
75.22918	-50.32908	0.14285715	5
87.32611	-19.699743	0.11111111	3
94.32367	-21.020304	0.15151516	3
86.079506	-16.943947	0.125	3
89.38981	-30.873991	0.09375	3
92.60478	-28.39627	0.15	4
81.57405	-29.409098	0.32692307	1
70.385666	-86.1589	0.3939394	5
91.402115	-28.174011	0.18181819	3
92.494316	-24.566639	0.1	2
92.05538	-14.96704	0.04	1
84.96911	-39.522343	0.13513513	2
93.251076	-21.233139	0.11111111	2
99.06298	-31.943129	0.22222222	3
78.73828	-41.021408	0.17391305	2
72.49459	-46.706284	0.3478261	3
99.98325	-14.036382	0.08	3
83.49539	-30.871744	0.17857143	3
95.460846	-14.811517	0.114285715	1
92.91049	-24.213812	0.09090909	3
83.520096	-45.69354	0.24561404	3
90.15024	-34.91688	0.3448276	3
85.43517	-58.772675	0.2	2
92.38468	-5.4677296	0.11111111	3
92.97113	-33.89771	0.05263158	3
84.97078	-30.243845	0.24444444	3
85.20097	-25.947613	0.16129032	3
85.36901	-21.185587	0.06451613	3
76.18187	-23.88438	0.21428572	2
85.508606	-31.579618	0.36363637	3
95.55641	-22.248951	0.1	3
86.30517	-32.85914	0.13636364	2
89.97073	-27.420391	0.26923078	2
89.6379	-19.699896	0.14285715	2
54.60252	-60.85155	0.42857143	3
98.39041	-21.210443	0.10526316	2
90.29721	-25.617363	0.1	3
97.33438	-10.246051	0.06666667	5
93.05802	-27.032818	0.25	5
87.31275	-31.497791	0.15789473	5
84.57121	-20.743164	0.2	3
75.651306	-63.16582	0.26666668	5
94.554665	-19.22602	0.074074075	3
81.57516	-48.19066	0.36734694	5
66.84007	-77.110794	0.25	5
100.0	-16.27898	0.09090909	2
89.07535	-37.705994	0.1875	4
84.63079	-18.839975	0.25	3
90.007805	-27.580198	0.05882353	2
88.50251	-20.47014	0.15686275	2
91.15569	-32.02149	0.10344828	3
95.655174	-20.046083	0.13953489	3
87.59698	-29.273413	0.15789473	3
93.24455	-51.283974	0.35	3
89.35534	-32.559963	0.18181819	4
86.91745	-21.547874	0.06896552	3
80.557274	-23.602093	0.17021276	3
91.024765	-37.471855	0.21052632	2
93.76217	-16.578123	0.07936508	3
86.14678	-62.026176	0.1923077	3
99.6903	-19.473658	0.05263158	2
88.00499	-24.610683	0.30232558	3
72.65625	-26.63656	0.13043478	4
84.97384	-36.569798	0.26923078	4
72.46245	-40.721718	0.2857143	3
74.3027	-22.218105	0.44827586	5
85.58703	-23.019718	0.2631579	3
88.44083	-42.47799	0.11764706	4
72.366684	-25.041626	0.28	3
67.67484	-35.892624	0.2	5
81.11537	-118.78851	0.25	5
91.88622	-23.145359	0.125	1
76.51138	-49.832047	0.24	2
82.9468	-20.0806	0.17307693	3
89.33532	-31.257092	0.18181819	3
75.91765	-44.034225	0.30769232	5
81.38475	-69.99713	0.2173913	2
94.06309	-22.135124	0.1	2
62.409325	-67.22959	0.41666666	5
90.62261	-28.356667	0.083333336	4
91.54961	-27.109858	0.0625	2
91.74118	-21.587944	0.13333334	5
82.48817	-33.807095	0.17857143	4
81.31357	-19.955433	0.10526316	3
83.17638	-21.215902	0.1904762	4
99.19119	-69.71567	0.055555556	2
95.302444	-23.792934	0.025	3
70.90261	-76.810455	0.3902439	5
71.545105	-46.10946	0.33333334	3
91.71892	-9.442431	0.083333336	2
96.551414	-11.967303	0.07317073	2
82.90031	-46.467712	0.2	5
89.54933	-33.33336	0.3478261	2
99.329765	-47.13315	0.04761905	3
87.20642	-42.786453	0.25	3
90.60027	-22.048088	0.19354838	4
88.07644	-26.319042	0.30882353	5
92.595825	-25.438807	0.055555556	3
88.54662	-49.81171	0.33333334	4
84.909004	-41.475353	0.2	5
99.229576	-21.158154	0.03846154	2
95.81856	-13.5451765	0.13043478	2
99.10723	-17.178497	0.01923077	3
78.03636	-48.14859	0.2777778	3
82.61442	-96.262405	0.25	3
93.91248	-78.41166	0.25	3
86.4295	-30.412268	0.19565217	3
86.50887	-16.991138	0.12	4
91.30863	-7.4794574	0.09090909	3
87.92356	-24.487448	0.25	3
90.4596	-30.0496	0.12903225	2
62.395844	-58.159706	0.4375	4
77.230225	-68.4929	0.11111111	4
90.08438	-22.739998	0.05882353	4
85.10997	-20.95133	0.15789473	3
84.11108	-19.227415	0.2173913	3
75.0973	-30.026855	0.41095892	3
73.688385	-28.795193	0.4390244	3
98.76717	-16.771143	0.25925925	4
85.57007	-26.358103	0.41666666	5
92.37823	-20.384935	0.1632653	4
85.35359	-29.152777	0.29166666	4
99.55971	-42.05615	0.05882353	3
98.894325	-33.4377	0.045454547	2
80.59163	-41.340004	0.15789473	4
91.13736	-18.546885	0.1923077	3
85.581665	-18.810867	0.15789473	2
94.06117	-14.206452	0.025641026	3
65.09684	-31.877853	0.25	3
96.61891	-13.226276	0.15384616	5
88.54397	-18.83071	0.21428572	1
94.83013	-15.321919	0.06896552	3
98.12149	-23.177708	0.0	1
83.18715	-55.152515	0.14814815	3
91.57552	-50.727184	0.25	3
93.77022	-7.122252	0.045454547	2
87.20009	-19.70885	0.10526316	3
91.94081	-30.620283	0.18181819	1
82.26927	-23.901278	0.18032786	3
69.0009	-56.85429	0.3	5
83.63415	-45.37627	0.41379312	4
59.971695	-33.76283	0.28125	5
95.94906	-18.54584	0.16981132	3
94.34932	-41.306553	0.1724138	2
75.543144	-38.654045	0.2580645	5
95.41088	-15.982652	0.2	3
93.00597	-21.228733	0.09756097	3
98.28469	-29.623144	0.14285715	1
98.97823	-24.187702	0.0	1
67.254814	-55.902775	0.2857143	5
92.25328	-23.826359	0.09090909	4
98.90367	-20.976465	0.17391305	3
89.15533	-10.353095	0.0625	2
88.52952	-18.507036	0.083333336	2
95.33073	-30.334599	0.055555556	3
75.511826	-59.534626	0.08695652	5
85.17888	-17.866755	0.1904762	2
84.118286	-16.218035	0.2	4
78.03705	-59.66555	0.4090909	3
67.49483	-43.42059	0.36206895	5
92.035126	-38.39886	0.15384616	4
99.61573	-39.272594	0.2	2
90.165634	-21.335186	0.15151516	3
99.82366	-22.242596	0.0	3
90.36466	-20.34718	0.13333334	2
84.13971	-40.027866	0.2888889	1
98.94456	-17.634382	0.125	3
99.04082	-32.066612	0.06666667	3
94.92489	-38.214455	0.14285715	4
98.711655	-20.181154	0.11764706	3
82.85441	-26.641872	0.2413793	4
96.63164	-27.37423	0.2580645	3
85.15372	-25.528648	0.16	2
94.36235	-32.92427	0.19512194	1
98.936035	-16.13776	0.115384616	3
49.08057	-90.81787	0.47368422	5
92.25763	-20.047594	0.093023255	2
95.88171	-26.238672	0.09375	3
82.457245	-41.561398	0.25	2
77.14012	-28.260334	0.19565217	5
93.91793	-37.46496	0.2	3
99.21553	-21.249268	0.055555556	4
62.52427	-25.633936	0.45454547	5
93.10776	-33.581673	0.2857143	3
75.073494	-27.019915	0.3508772	5
81.24904	-11.941691	0.07692308	3
72.83175	-21.866947	0.22222222	5
95.43413	-9.957631	0.0952381	2
98.726265	-11.720142	0.055555556	3
92.166565	-54.19971	0.13043478	5
91.31805	-35.53342	0.05263158	3
73.91903	-36.970608	0.23076923	2
74.1599	-32.527054	0.34375	5
48.781887	-31.002844	0.31578946	4
99.25131	-36.607067	0.0	2
79.44699	-69.572586	0.23076923	5
82.70954	-36.91506	0.12	1
76.3696	-25.15248	0.2972973	4
94.277794	-19.379795	0.06896552	3
65.03652	-111.82766	0.4	2
88.73447	-20.567581	0.06896552	3
80.01668	-38.91772	0.24	3
72.74623	-63.62682	0.4054054	4
94.33909	-16.036108	0.1	3
94.87473	-21.100252	0.1764706	3
94.47693	-20.778984	0.19672132	3
94.27518	-18.930387	0.07692308	5
99.033905	-14.696945	0.13636364	2
98.9891	-13.449361	0.21875	2
99.300606	-69.63684	0.11764706	3
82.49897	-20.556684	0.1	3
95.03418	-42.8938	0.20689656	3
90.664856	-45.133953	0.21052632	2
99.41757	-24.544802	0.125	3
89.15491	-20.539503	0.1388889	3
89.37877	-33.196445	0.22727273	2
89.28972	-39.563972	0.10344828	3
81.97833	-12.545012	0.25	4
73.16837	-29.545929	0.1969697	3
98.09332	-9.496538	0.0	3
93.66199	-90.936646	0.16666667	4
99.93184	-12.507916	0.0	3
98.017395	-27.58392	0.0625	3
87.7806	-35.247017	0.10714286	3
94.45752	-38.754753	0.16666667	4
99.04078	-22.719282	0.06666667	4
84.808975	-39.212307	0.2631579	3
88.44921	-37.18903	0.10344828	2
99.549904	-19.10238	0.0625	4
89.07342	-13.319086	0.13513513	3
89.80455	-22.032751	0.046511628	3
99.25151	-25.31883	0.1	3
93.79024	-29.83584	0.2631579	3
99.47027	-26.182379	0.12903225	3
88.02455	-40.286064	0.09090909	4
86.52757	-21.901653	0.175	3
81.1394	-45.72664	0.21875	5
99.16659	-13.191521	0.05882353	2
89.92828	-18.695469	0.15789473	3
90.54628	-52.068058	0.13333334	4
85.347626	-53.096558	0.20689656	4
75.313484	-42.79975	0.2264151	5
78.01037	-121.74448	0.2631579	5
90.498116	-21.28133	0.22857143	4
80.217476	-25.47589	0.12765957	4
86.72312	-31.931004	0.23404256	5
55.285007	-38.431797	0.6101695	5
65.45614	-27.744694	0.23076923	5
79.33844	-48.87207	0.36363637	3
99.34097	-15.29114	0.055555556	1
71.469635	-27.274252	0.28070176	4
75.34133	-41.19645	0.35135135	3
86.51033	-38.09125	0.3469388	5
91.1335	-21.377481	0.071428575	3
91.41332	-15.008288	0.08695652	2
88.51469	-20.568449	0.24242425	2
92.2997	-33.75976	0.35	3
87.80169	-29.268843	0.23076923	4
83.423935	-23.815279	0.2173913	2
89.53255	-54.82355	0.16129032	4
73.92623	-60.739918	0.2647059	4
79.869156	-59.102345	0.25	5
88.47201	-19.75191	0.27272728	3
92.01772	-41.118217	0.2	1
86.278656	-37.34789	0.18518518	5
75.80105	-24.42946	0.23809524	5
100.0	-23.88266	0.07692308	2
87.61255	-23.02283	0.20512821	3
88.76104	-18.222738	0.11764706	2
80.476204	-24.934195	0.32258064	3
91.2078	-16.745138	0.08695652	3
82.29495	-68.17266	0.21212122	3
99.256454	-12.633861	0.10526316	2
92.995834	-18.439035	0.05263158	2
81.636826	-29.55406	0.25862068	3
95.005005	-27.420465	0.083333336	3
99.74197	-26.585691	0.0625	2
91.19109	-31.849047	0.13636364	3
73.24674	-59.267784	0.41025642	4
95.58181	-32.275124	0.12903225	3
87.70597	-11.811557	0.08	3
85.86579	-30.422659	0.27272728	4
89.607315	-21.990818	0.2631579	3
91.86595	-18.45299	0.15384616	3
94.89411	-12.453768	0.06666667	3
88.438705	-13.756093	0.114285715	2
99.53526	-15.062364	0.10526316	3
83.96597	-24.659147	0.17857143	3
86.37602	-21.171785	0.20512821	3
76.19084	-48.870804	0.25	3
84.401825	-47.263084	0.29268292	3
56.628456	-8.849118	0.42105263	5
94.55351	-19.763058	0.20833333	3
77.126274	-33.168537	0.36842105	3
82.66776	-22.458023	0.22222222	3
83.74491	-42.710194	0.21052632	5
78.869606	-52.181786	0.26666668	2
93.50497	-15.23583	0.0625	3
83.109116	-26.35489	0.33333334	4
97.17742	-12.709282	0.14285715	2
77.04008	-31.764475	0.1	3
84.21832	-26.62755	0.2888889	4
98.28839	-50.72032	0.0	4
93.03988	-17.64254	0.054054055	2
78.852394	-68.142914	0.21212122	5
84.41566	-50.271015	0.29411766	3
88.51826	-20.351124	0.23333333	2
81.18547	-46.81327	0.24561404	3
82.63246	-18.800081	0.15254237	3
76.90659	-65.84562	0.35714287	3
92.50254	-36.28806	0.1724138	3
94.56588	-18.344154	0.083333336	3
99.577156	-19.31386	0.18181819	2
81.78068	-49.287903	0.1875	3
98.85196	-39.328453	0.08	4
96.120346	-16.24583	0.13333334	3
63.87369	-50.21779	0.3125	5
90.20361	-21.388882	0.26923078	3
81.48335	-15.928458	0.14285715	2
86.985	-24.822948	0.2173913	2
93.3032	-37.26388	0.22727273	3
99.460815	-20.436314	0.13333334	4
85.39503	-64.23573	0.23333333	5
79.023094	-55.531513	0.29268292	5
88.64251	-25.194586	0.21276596	3
82.548706	-23.804892	0.23529412	4
92.83573	-37.18905	0.15	3
79.73943	-23.714483	0.19444445	3
59.924587	-10.007808	0.25	5
72.52248	-73.3108	0.36956522	3
95.08751	-17.470936	0.035714287	3
92.79769	-26.316143	0.14893617	5
75.48456	-62.363976	0.34615386	3
74.46354	-47.842495	0.35416666	3
78.48216	-107.92067	0.46666667	4
77.652725	-63.14395	0.4054054	3
96.01834	-12.204121	0.07317073	3
92.23531	-29.231749	0.1	3
79.93297	-14.122098	0.13157895	3
84.448944	-21.20434	0.32608697	3
91.71456	-25.414331	0.16666667	2
94.82027	-31.015226	0.09090909	3
94.45438	-29.104118	0.09677419	2
93.78997	-24.498598	0.13513513	3
80.41059	-19.263481	0.21153846	4
83.218925	-19.741785	0.2244898	3
91.38541	-23.949224	0.38235295	5
91.53954	-35.4331	0.10344828	3
79.61603	-24.827961	0.15	3
80.609055	-58.53274	0.33333334	5
88.95669	-18.860401	0.13636364	2
90.810646	-31.668299	0.24390244	5
81.75359	-67.83205	0.39473686	5
66.79435	-41.560856	0.46875	5
77.23052	-26.661564	0.19753087	3
92.22575	-19.621988	0.12280702	2
74.74586	-49.108757	0.296875	3
89.90659	-39.387894	0.16666667	3
90.03399	-29.558552	0.25	3
86.85645	-47.79816	0.22727273	4
99.71616	-15.601045	0.0	3
89.997734	-23.799524	0.2	3
94.94418	-27.595354	0.114285715	3
48.416847	-45.043846	0.1	3
75.113434	-47.086452	0.3	2
90.61941	-34.374218	0.11363637	3
98.31985	-40.63116	0.0	3
99.70745	-43.35686	0.06666667	3
77.02323	-22.365234	0.1923077	5
86.78807	-17.934557	0.12	2
91.65239	-27.336208	0.08	4
76.97906	-34.815945	0.15384616	4
85.06302	-29.891966	0.10714286	4
85.33469	-20.868479	0.125	3
98.89866	-49.47169	0.06896552	5
83.40292	-34.09482	0.28	3
94.41942	-29.027819	0.11627907	3
76.35325	-54.380917	0.11111111	4
99.228165	-22.696262	0.19512194	2
86.60991	-20.855143	0.25925925	3
84.56534	-33.191257	0.17073171	4
87.31375	-27.07658	0.17073171	3
81.03744	-30.863544	0.20967741	5
63.74413	-51.680454	0.4090909	3
76.85288	-84.74467	0.3125	2
87.20094	-22.255611	0.2	2
78.274254	-30.828768	0.36585367	5
87.62386	-22.340288	0.12676056	3
61.737648	-62.794907	0.47826087	1
72.51707	-47.302864	0.33333334	5
99.35831	-14.293489	0.07692308	3
78.032555	-54.732582	0.2413793	3
82.33094	-54.074814	0.18181819	2
91.03354	-14.5749655	0.16666667	1
65.48418	-36.482944	0.41666666	4
98.43764	-15.785438	0.22222222	4
88.86448	-21.891735	0.12	3
98.905975	-16.084404	0.0	1
82.03835	-53.29419	0.39583334	3
81.20072	-22.593952	0.115384616	4
91.1795	-17.411873	0.1904762	5
86.43636	-42.279522	0.17391305	3
72.7187	-77.28751	0.4	2
95.627075	-26.940115	0.1	2
90.54008	-24.177149	0.054545455	3
76.08255	-23.794014	0.32142857	4
96.16919	-40.95129	0.09090909	2
98.81885	-55.878624	0.15384616	1
89.063545	-43.174694	0.21052632	3
99.94936	-24.15446	0.0	2
88.3678	-24.380507	0.25333333	4
94.462326	-28.204695	0.13793103	3
99.1213	-25.88615	0.054054055	3
75.65819	-33.60139	0.40625	4
98.31399	-19.680893	0.13207547	3
91.12806	-24.564196	0.06896552	5
91.18238	-12.32993	0.09615385	3
91.68489	-22.83408	0.10714286	2
90.33192	-26.92119	0.12820514	3
88.67065	-71.29997	0.071428575	5
88.95895	-45.883087	0.3043478	3
85.75361	-35.771336	0.3529412	2
96.266914	-34.207943	0.17391305	3
50.805004	-43.491188	0.41025642	5
89.811966	-47.127182	0.41379312	3
82.962425	-29.052023	0.2361111	3
90.253296	-25.906488	0.1764706	3
95.763855	-13.997943	0.032258064	3
96.21831	-12.525478	0.07692308	1
94.95525	-53.018787	0.0952381	3
90.050095	-47.651814	0.2	3
88.84323	-15.152547	0.1	3
94.10401	-19.445637	0.28125	3
87.51753	-28.024204	0.2962963	5
87.95244	-17.673185	0.17391305	2
82.29054	-36.333534	0.09090909	3
82.13471	-23.418396	0.4375	3
96.971375	-24.948214	0.060606062	2
84.59426	-38.993626	0.39583334	2
83.84322	-26.267994	0.3559322	4
100.0	-19.772762	0.07692308	2
83.792755	-28.548458	0.3846154	2
98.89276	-15.274343	0.14285715	1
94.06211	-17.283127	0.17391305	5
84.5314	-22.889923	0.26923078	1
72.76334	-34.65531	0.47457626	5
84.416084	-21.097897	0.25925925	3
99.21487	-14.533604	0.055555556	1
90.146805	-21.178387	0.069767445	2
76.26171	-32.720364	0.2	2
82.07614	-25.811047	0.15	2
87.97579	-31.3638	0.16666667	3
92.5409	-27.725208	0.33333334	5
87.283615	-24.903278	0.121212125	3
89.936966	-14.465377	0.071428575	1
69.98043	-45.15067	0.525	5
89.95683	-13.864169	0.1724138	4
71.65078	-31.517887	0.23076923	5
48.84763	-28.024166	0.55	5
67.72913	-59.750294	0.4	5
85.070526	-15.228121	0.115384616	3
84.36108	-27.169743	0.12903225	5
73.397095	-91.51688	0.31428573	5
84.66834	-21.219917	0.1627907	3
86.32208	-21.238176	0.1	3
92.00706	-34.344284	0.33333334	3
86.77172	-18.170332	0.22222222	3
90.78684	-24.111738	0.12	2
79.563896	-38.42578	0.16216215	5
86.47649	-42.57981	0.26666668	2
99.00667	-20.021814	0.10526316	2
98.70666	-22.873028	0.071428575	3
81.41556	-29.206076	0.17391305	3
83.98139	-25.975714	0.17857143	3
62.49556	-48.356815	0.53333336	3
94.95816	-9.8302355	0.045454547	1
90.90164	-37.553516	0.15	3
99.179565	-42.07279	0.03846154	3
93.028915	-34.35256	0.24	3
91.0182	-28.754969	0.16666667	2
91.25452	-21.187763	0.15517241	5
97.656555	-18.029064	0.10769231	3
89.74315	-25.69526	0.22857143	3
89.28329	-58.367	0.3125	3
90.173134	-23.483625	0.083333336	4
83.034225	-73.99031	0.32142857	3
96.2328	-27.822582	0.08695652	2
90.51652	-54.102116	0.2857143	2
70.97935	-86.428345	0.42105263	4
76.07543	-28.065031	0.115384616	5
61.179905	-74.56412	0.54285717	3
95.0631	-27.333448	0.17142858	3
84.70372	-16.42547	0.11111111	3
95.27874	-14.905739	0.071428575	3
91.46122	-9.646044	0.09836066	3
86.45855	-36.834785	0.15625	3
84.8232	-26.000225	0.13461539	3
92.10426	-36.604588	0.083333336	2
88.43739	-18.854916	0.1	2
96.44143	-28.24904	0.1	3
95.6971	-31.450726	0.11627907	3
99.18154	-12.840694	0.055555556	2
73.55141	-22.06913	0.30769232	5
40.484768	-29.841333	0.6060606	5
99.78319	-16.377857	0.04761905	2
99.00273	-20.070803	0.071428575	3
72.9103	-37.55607	0.23076923	3
96.33441	-17.904654	0.23076923	2
77.14381	-42.11272	0.22807017	3
99.52669	-16.959955	0.06666667	3
79.14147	-13.375486	0.15	2
83.3294	-33.581703	0.06896552	3
91.39593	-23.38187	0.114754096	3
85.96481	-49.50841	0.16666667	3
94.28241	-30.53757	0.18518518	2
75.69812	-40.945137	0.4347826	3
90.93886	-18.357002	0.21052632	2
92.81673	-18.762053	0.04477612	3
73.06296	-64.55896	0.2820513	4
80.57046	-62.006966	0.3255814	3
82.447075	-24.875557	0.27083334	3
91.60243	-14.412635	0.11764706	2
99.35429	-78.6563	0.13333334	3
90.616	-27.061817	0.14102565	3
95.26548	-13.184573	0.15384616	3
87.21598	-22.613062	0.1875	4
87.42402	-26.978508	0.2	4
90.43302	-21.915344	0.20689656	2
97.07639	-14.855202	0.0	2
61.279263	-55.571995	0.45833334	5
99.60848	-23.81428	0.07317073	5
95.1382	-39.47041	0.18604651	3
80.44191	-27.952345	0.22077923	3
77.788086	-43.49627	0.30769232	3
95.32952	-18.598593	0.10714286	3
80.95575	-26.81971	0.16666667	3
55.36891	-57.66841	0.44	4
71.324875	-56.51504	0.2777778	3
82.94816	-45.778255	0.16666667	3
99.053154	-18.539251	0.029411765	3
81.37363	-19.571592	0.0	2
99.43203	-23.592932	0.0	3
77.713806	-47.32886	0.3265306	4
92.79291	-64.050896	0.125	5
95.045975	-17.628578	0.06451613	3
82.09739	-56.986088	0.16666667	3
83.224686	-22.556995	0.15384616	4
68.485085	-47.87857	0.17857143	5
89.85728	-40.213333	0.33333334	5
84.21776	-30.164598	0.3026316	3
92.562004	-41.477325	0.11764706	4
83.98231	-25.07969	0.125	4
84.938576	-25.824757	0.22222222	3
49.929947	-19.645115	0.2	3
93.13479	-17.822369	0.0952381	3
79.40269	-32.77462	0.3220339	5
93.836655	-11.017135	0.0	4
84.72259	-76.89634	0.17857143	4
85.56751	-23.103636	0.175	4
89.63949	-51.439888	0.26086956	3
86.06009	-27.658203	0.14285715	3
74.54116	-26.627207	0.3625	5
94.13671	-18.574139	0.06666667	4
98.80323	-12.599967	0.05263158	3
81.44067	-22.524235	0.1875	3
89.640816	-26.619211	0.114754096	4
88.94459	-23.9106	0.10714286	3
84.93887	-50.600796	0.26666668	5
90.46443	-39.183968	0.16949153	4
94.77105	-28.461958	0.25	4
89.373695	-37.126095	0.2413793	3
92.882675	-31.286755	0.24590164	4
83.14362	-37.51611	0.2037037	4
95.41656	-16.476913	0.13953489	3
79.859856	-47.911674	0.27118644	4
85.01385	-15.239407	0.15384616	3
55.766415	-34.332447	0.1875	5
86.97079	-33.873905	0.055555556	2
77.64345	-53.342945	0.2173913	5
75.68722	-34.096935	0.22727273	4
90.34891	-49.8769	0.083333336	4
93.65164	-16.490622	0.0952381	3
89.29269	-45.372173	0.16216215	3
89.8337	-20.026438	0.14285715	3
93.135475	-17.979296	0.045454547	2
99.18461	-19.524084	0.08695652	3
72.98888	-35.33761	0.19607843	4
95.57056	-25.391369	0.0	3
71.48508	-36.205963	0.3043478	5
98.81747	-37.702305	0.06451613	3
98.50597	-38.370773	0.2682927	3
80.43469	-32.35032	0.2857143	4
63.607864	-71.82447	0.26086956	4
90.00251	-42.24034	0.14893617	3
75.60131	-75.99766	0.2857143	4
92.641365	-31.546858	0.12162162	3
95.15473	-23.059153	0.125	3
92.46968	-32.10078	0.11111111	2
94.71331	-20.101965	0.20588236	3
95.87878	-20.841133	0.125	4
80.24612	-46.26482	0.32608697	4
86.09642	-44.0293	0.16666667	3
72.33909	-84.41375	0.3902439	5
75.65843	-84.23508	0.2631579	5
96.36385	-21.154879	0.115384616	3
99.58851	-33.424423	0.07692308	3
74.47941	-60.405945	0.2682927	5
84.8755	-27.017542	0.13636364	5
83.561325	-39.2671	0.29268292	5
80.829575	-34.922916	0.28846154	3
92.665184	-18.938	0.24242425	3
88.47341	-43.528988	0.10344828	2
95.09676	-19.482687	0.2857143	3
72.83383	-22.152557	0.30232558	3
87.420364	-35.01205	0.09375	3
93.80078	-16.749462	0.13953489	2
87.927765	-51.333447	0.24489796	3
80.71644	-25.022142	0.375	3
90.189835	-37.655087	0.037037037	3
94.92784	-23.67133	0.13793103	3
58.724148	-69.06438	0.5555556	3
92.88504	-13.047362	0.32	3
98.6959	-20.952814	0.11111111	3
59.377827	-33.235336	0.5897436	5
85.86318	-29.193813	0.1875	3
73.30692	-32.98791	0.083333336	2
82.684135	-23.505861	0.23255815	3
89.019066	-15.774018	0.2264151	3
81.47738	-22.914516	0.2982456	3
60.01709	-49.138275	0.33333334	5
79.54945	-31.286394	0.25	3
98.61247	-28.057383	0.21428572	3
72.074844	-29.008818	0.30952382	3
80.83004	-85.463936	0.1724138	5
64.12552	-201.38847	0.5833333	5
96.5505	-17.877214	0.13333334	3
90.38604	-22.790302	0.12244898	2
92.91311	-25.12731	0.09756097	5
92.165085	-33.913776	0.02631579	5
95.166985	-20.829212	0.0625	2
98.95641	-15.638348	0.12244898	4
84.14736	-30.625788	0.14285715	3
87.41049	-30.338562	0.10344828	5
90.101875	-16.269114	0.13333334	3
98.98642	-9.879018	0.0	3
93.782036	-26.175907	0.13333334	3
88.65931	-42.838943	0.20408164	3
57.31205	-17.939318	0.4848485	5
99.07445	-26.37025	0.06666667	3
69.7383	-33.45421	0.2857143	5
91.71963	-14.154092	0.06	2
75.37317	-52.01416	0.27586207	5
79.00405	-24.648212	0.18987341	4
85.03536	-30.950888	0.20833333	4
88.70581	-34.03358	0.071428575	4
89.727005	-22.322063	0.19444445	3
95.39629	-26.88808	0.075	3
83.21058	-48.945587	0.26530612	3
87.30271	-59.26212	0.22222222	5
77.51167	-28.918362	0.2	3
93.47099	-42.852154	0.2	3
94.80493	-33.476597	0.05263158	4
95.20889	-19.927092	0.115384616	2
71.01193	-23.352468	0.21052632	2
99.26581	-33.74144	0.0	4
81.3012	-33.768593	0.234375	3
88.79218	-14.987806	0.1	3
99.29577	-18.077072	0.0	2
91.09844	-13.380477	0.10344828	2
83.86085	-12.298141	0.09375	2
73.36017	-61.429	0.2857143	2
93.49172	-15.733399	0.041666668	2
86.421814	-61.32268	0.3	3
95.60357	-16.605593	0.057142857	3
93.2114	-22.651669	0.19148937	3
98.29079	-12.746339	0.1764706	2
88.63867	-5.7204657	0.11764706	5
93.83804	-18.575567	0.12	3
87.70738	-20.587133	0.12903225	3
86.613434	-33.03712	0.083333336	4
88.65232	-23.29361	0.17857143	3
76.09908	-27.478111	0.21428572	3
89.04016	-36.85224	0.08888889	3
89.57841	-32.68287	0.14814815	3
99.05122	-18.472584	0.0	3
67.74534	-17.347515	0.31578946	4
84.117775	-14.523581	0.25531915	3
99.32933	-30.324497	0.0	2
92.31093	-20.287369	0.103896104	3
79.28645	-41.19842	0.35897437	3
63.297985	-48.770443	0.4	3
89.939445	-36.45409	0.045454547	3
82.49096	-19.351206	0.35897437	4
78.66522	-27.640095	0.21153846	3
88.372116	-24.61606	0.15	4
86.67595	-27.398695	0.051282052	3
89.47052	-28.806784	0.19565217	3
73.01763	-55.25622	0.28787878	3
95.05433	-14.483546	0.04	2
88.26538	-23.731867	0.13157895	3
92.739174	-23.874584	0.08695652	3
92.26699	-18.234526	0.14285715	3
85.360954	-20.554968	0.13953489	3
92.24412	-15.370865	0.2	1
82.536705	-11.179954	0.18181819	5
86.59645	-40.70075	0.20289855	3
83.86057	-46.75605	0.14285715	4
85.812096	-51.119865	0.2	4
80.04748	-57.403393	0.3	4
91.35745	-22.10597	0.102564104	3
84.10437	-50.539196	0.16216215	4
85.22843	-20.142408	0.08695652	3
89.66272	-28.29658	0.2	3
90.165184	-37.837746	0.23809524	2
93.719475	-28.187605	0.13513513	3
63.576195	-56.652832	0.33333334	2
93.447754	-29.999588	0.15	3
88.10665	-33.49166	0.10714286	5
89.90664	-20.755787	0.2	4
99.415	-27.72881	0.057142857	2
72.14821	-47.84704	0.37209302	3
98.32486	-23.818066	0.10714286	3
93.246124	-20.6799	0.084745765	2
64.58792	-62.78578	0.5185185	4
84.66931	-20.347767	0.15	3
86.6303	-19.844627	0.14814815	3
89.07217	-12.996854	0.06896552	1
76.08054	-80.99509	0.16666667	5
88.4225	-21.805342	0.21212122	3
81.99093	-36.089073	0.21052632	4
65.19076	-61.653255	0.5	3
91.310684	-16.473516	0.083333336	3
91.88934	-24.099625	0.16666667	2
91.582405	-64.852005	0.3137255	5
98.856514	-18.456194	0.15	4
97.83056	-19.477606	0.125	2
88.91444	-25.68107	0.1627907	3
84.54792	-41.305763	0.2	3
94.54055	-40.231354	0.09090909	3
78.33175	-31.661283	0.33333334	1
89.69904	-24.87455	0.114285715	2
86.50503	-20.617783	0.11111111	3
94.22238	-31.113564	0.12195122	3
94.14361	-22.32397	0.15	3
76.438805	-52.05973	0.2972973	3
83.01355	-25.338972	0.10526316	3
83.70357	-20.760908	0.114285715	3
90.971176	-18.980494	0.14285715	3
99.866104	-29.541126	0.3529412	3
96.25668	-20.220772	0.08888889	2
84.12149	-28.453653	0.1764706	3
93.36905	-31.787296	0.2647059	5
78.93133	-56.71392	0.1	5
78.470055	-40.66132	0.32608697	2
91.0622	-33.556145	0.22222222	5
100.0	-17.813211	0.0	2
93.63239	-34.156315	0.08	5
81.73687	-30.014841	0.3442623	3
92.92704	-16.943436	0.08	2
90.01145	-32.45348	0.09090909	4
67.79993	-27.113714	0.4	3
81.56969	-26.732826	0.18181819	2
79.93486	-31.69817	0.26190478	3
78.53635	-65.51082	0.26923078	3
78.38462	-32.826817	0.17857143	5
63.39731	-12.812111	0.2777778	5
95.42799	-32.30403	0.175	4
99.72612	-18.763441	0.027777778	2
69.19159	-80.19358	0.4054054	5
87.22705	-25.573845	0.2962963	3
78.76985	-46.13119	0.26666668	3
90.95514	-19.393997	0.15384616	2
98.79122	-41.377144	0.09090909	3
87.38692	-24.877459	0.26530612	3
86.22796	-36.22203	0.31578946	3
82.074905	-31.450571	0.21428572	3
71.03077	-42.564137	0.3	5
89.20837	-33.875492	0.046511628	5
94.28294	-20.801823	0.112676054	1
76.36445	-39.023155	0.25714287	4
85.76175	-31.385658	0.15384616	2
86.40605	-54.40723	0.2857143	3
99.63388	-8.694251	0.0625	3
90.36613	-17.451756	0.125	3
91.197	-12.731082	0.05263158	1
99.28431	-16.23889	0.09090909	3
43.927223	-94.96806	0.32	4
85.90777	-32.002144	0.1891892	3
94.4559	-28.779312	0.11764706	3
91.63291	-26.922306	0.125	3
84.56624	-26.798233	0.14285715	3
91.048416	-26.301268	0.27586207	2
93.20284	-27.954285	0.0625	2
91.16756	-36.713337	0.16071428	5
86.280975	-59.694298	0.31111112	3
93.5424	-16.49436	0.1875	3
91.1256	-32.82457	0.1724138	5
90.55661	-17.420124	0.1	3
98.981224	-8.968495	0.0	2
90.55591	-17.262589	0.16666667	3
86.34155	-17.887058	0.10526316	3
95.873116	-18.984667	0.18604651	3
91.858086	-26.472258	0.071428575	3
72.24799	-43.826115	0.375	5
87.93309	-50.299835	0.17391305	3
95.61786	-22.90314	0.175	3
95.68027	-21.311117	0.075	3
83.06956	-40.082058	0.2173913	2
87.79403	-23.448092	0.093333334	3
85.95591	-34.860218	0.31578946	3
79.93494	-58.43816	0.34146342	3
99.22372	-14.737752	0.13333334	1
63.47986	-49.61581	0.25	3
90.74371	-28.563435	0.19354838	2
90.23078	-19.679728	0.12820514	3
96.87474	-15.653213	0.09090909	3
80.53903	-51.050606	0.2	5
90.25492	-18.89356	0.2631579	3
72.40437	-48.290565	0.4	3
87.51164	-13.0941925	0.083333336	3
90.2849	-18.31965	0.21428572	2
93.591896	-17.229458	0.18518518	3
77.626564	-35.568882	0.2	2
85.70463	-26.280233	0.14285715	4
86.21238	-37.753414	0.10714286	2
70.631996	-111.32937	0.15	3
93.53479	-25.019117	0.15625	3
65.84716	-56.252007	0.425	5
98.31485	-34.042233	0.16216215	5
70.1255	-43.525623	0.34146342	3
99.98254	-47.412792	0.05263158	2
90.20287	-17.008282	0.18604651	3
79.38733	-32.827965	0.1875	2
86.92356	-26.34069	0.39215687	3
92.44688	-38.684208	0.17857143	3
93.02926	-38.91297	0.10526316	2
90.96866	-22.230995	0.14634146	3
85.61242	-43.792984	0.19298245	5
88.719055	-28.733042	0.16666667	4
89.659225	-34.768578	0.24324325	3
95.471924	-22.18371	0.13636364	3
95.14523	-14.90217	0.10526316	2
80.510635	-17.81239	0.030303031	3
76.95361	-28.387241	0.32258064	3
83.16517	-39.779125	0.32258064	3
89.05949	-35.82123	0.074074075	2
76.80097	-29.292574	0.18604651	4
83.42079	-29.14011	0.21428572	4
81.431404	-33.543343	0.43333334	2
92.32002	-15.45224	0.0	1
87.0561	-20.525469	0.28125	3
91.26463	-20.891256	0.023809524	2
66.66199	-24.289623	0.34375	5
93.21748	-40.25512	0.10714286	3
81.41166	-49.336994	0.5	2
66.7107	-34.55911	0.54545456	3
86.65977	-15.160627	0.19354838	3
95.06266	-25.498903	0.14285715	2
81.73307	-39.357826	0.2	2
88.42401	-27.410204	0.23255815	4
83.011955	-29.315268	0.069767445	3
99.580765	-18.75088	0.08	2
83.76907	-62.043087	0.1875	5
81.444695	-17.649555	0.1754386	2
76.62364	-32.72865	0.2777778	3
97.20687	-33.522945	0.33333334	1
85.82185	-28.261618	0.2	5
88.99429	-24.746891	0.09090909	3
91.98096	-33.567	0.09375	3
94.895905	-19.816923	0.10204082	5
72.83791	-37.675236	0.16949153	4
91.29927	-27.045204	0.16666667	2
98.04863	-57.206284	0.33333334	4
95.39044	-28.151335	0.25	4
85.25915	-24.684206	0.07692308	5
85.08617	-25.237324	0.06666667	2
64.24699	-76.42867	0.52380955	4
99.4987	-11.777718	0.0	1
87.75817	-27.7604	0.20512821	3
80.40256	-18.372421	0.1590909	3
86.50875	-21.2947	0.21052632	2
87.51753	-23.780294	0.14814815	4
92.59014	-26.853027	0.225	2
91.76099	-22.324461	0.15625	3
86.42275	-21.286577	0.13793103	2
87.80792	-29.92367	0.21052632	3
64.75698	-27.110943	0.4827586	5
81.300095	-20.669624	0.16666667	2
86.26949	-53.47975	0.28846154	4
99.71264	-12.336322	0.071428575	2
86.57276	-20.619377	0.20879121	4
88.65161	-40.455315	0.16666667	3
80.67989	-28.890951	0.33333334	4
86.62475	-33.472706	0.21052632	3
89.17379	-33.5004	0.1724138	3
81.464035	-62.5998	0.25	5
83.52641	-41.498768	0.1724138	4
80.747314	-47.558548	0.45454547	3
87.303566	-38.763958	0.2777778	3
85.34902	-24.074736	0.35135135	3
83.080086	-27.359238	0.21052632	5
79.10072	-61.206326	0.25	5
63.93603	-18.230867	0.26923078	5
91.5288	-35.98752	0.13793103	4
89.9001	-20.391476	0.14285715	3
74.10551	-27.237965	0.14814815	4
67.678604	-41.990482	0.3448276	4
61.899	-31.728518	0.5	4
93.063675	-54.71909	0.15789473	3
81.9889	-24.025637	0.18518518	4
69.13777	-54.12518	0.2	5
68.96191	-32.169334	0.3783784	3
91.110176	-25.997856	0.1521739	3
81.8807	-39.440914	0.2173913	4
85.969215	-27.796106	0.092307694	4
86.897064	-42.790077	0.16	3
73.382675	-46.67432	0.2777778	5
83.12643	-33.121346	0.2236842	5
95.36135	-11.782202	0.04347826	4
94.58345	-38.385693	0.0952381	3
81.55982	-22.3458	0.35	5
90.735596	-15.068216	0.06896552	3
84.81971	-31.695723	0.17857143	3
90.3847	-17.2353	0.10989011	3
81.34885	-22.414633	0.21621622	3
98.46074	-39.036835	0.21621622	4
99.051796	-33.11267	0.04	4
93.532486	-29.815737	0.10204082	5
88.21758	-31.792545	0.13333334	1
75.763725	-44.462578	0.34736842	3
96.45872	-25.820187	0.114285715	3
62.242737	-68.76752	0.46153846	5
92.47406	-25.174486	0.12195122	3
74.695755	-123.06292	0.31111112	4
77.8123	-46.717323	0.25581396	3
99.577835	-21.532398	0.0	1
96.21393	-17.280466	0.11363637	2
90.53055	-31.816927	0.2	4
87.682556	-44.622818	0.15789473	4
90.800964	-27.037127	0.21428572	3
88.18659	-30.584293	0.11494253	4
89.25519	-14.10784	0.102564104	1
91.91332	-31.133238	0.15384616	5
100.0	-31.81997	0.07692308	2
85.10957	-67.065704	0.15384616	4
61.454376	-34.24242	0.3478261	5
93.45891	-23.910385	0.10204082	4
86.76299	-22.123037	0.21875	2
99.35981	-34.139847	0.31578946	2
90.786736	-48.96823	0.0952381	4
73.33607	-64.3699	0.3846154	2
88.40092	-29.344143	0.08108108	3
94.45622	-17.09652	0.0952381	3
80.87454	-37.17912	0.19512194	4
91.757515	-33.788593	0.083333336	5
81.89531	-22.340582	0.23529412	3
98.919304	-26.121542	0.071428575	4
100.0	-12.776575	0.0	2
85.800964	-23.537188	0.26666668	3
85.09362	-20.67732	0.14285715	1
85.74484	-25.61733	0.0	3
64.79414	-21.590359	0.29032257	5
85.49485	-58.61969	0.36363637	3
88.75091	-24.728151	0.14634146	4
96.73572	-18.022852	0.054054055	3
90.93302	-39.287083	0.04761905	4
85.61597	-18.998974	0.225	2
86.22745	-31.448404	0.25	4
83.420906	-24.665197	0.33333334	3
82.38824	-39.00964	0.1521739	3
87.49641	-32.697433	0.19512194	4
82.8258	-40.74176	0.3	4
90.19864	-59.84522	0.26415095	3
96.57912	-31.26069	0.12195122	3
79.923706	-16.229116	0.22857143	3
96.989456	-8.904253	0.0	3
90.549706	-35.457607	0.21428572	3
92.245	-19.580864	0.115384616	2
88.85903	-18.510319	0.071428575	2
91.55435	-14.759184	0.032258064	1
66.918884	-46.49741	0.325	5
99.74339	-17.675749	0.083333336	5
93.27498	-10.526558	0.0	3
98.67986	-16.150074	0.10344828	3
81.27445	-28.356672	0.34615386	3
97.66265	-12.867638	0.18518518	3
92.6527	-31.375105	0.16216215	1
85.115425	-43.457897	0.25	3
80.517296	-90.20158	0.25	5
79.539955	-12.499741	0.083333336	1
92.988174	-19.04985	0.16	3
91.668816	-20.602556	0.1	4
93.38516	-31.951246	0.13953489	3
94.424866	-33.423065	0.18518518	3
85.77443	-35.48064	0.25	5
89.124825	-17.247982	0.12	3
95.75495	-31.7068	0.22727273	3
88.5426	-30.89978	0.1388889	3
98.52019	-14.804035	0.15384616	3
91.18239	-21.425291	0.375	3
85.40069	-34.748222	0.10714286	2
93.579315	-12.534385	0.083333336	2
92.15722	-34.979855	0.15151516	3
97.70314	-23.979807	0.21052632	3
85.34165	-37.019566	0.25714287	3
86.11114	-39.319843	0.25	3
86.35075	-31.393377	0.17391305	3
94.6122	-26.441053	0.13793103	3
90.2047	-7.1295233	0.06896552	3
95.32914	-14.055838	0.11111111	3
89.34794	-30.767313	0.11111111	5
73.933105	-45.7618	0.41025642	5
94.92442	-19.378412	0.21428572	2
95.56728	-16.500599	0.075	3
78.93852	-49.101624	0.42857143	4
74.523254	-39.52058	0.23404256	3
98.93684	-4.0328517	0.0	1
68.51438	-35.704094	0.35897437	3
75.97545	-34.43708	0.23809524	5
90.31046	-39.991196	0.22222222	3
76.49322	-32.153557	0.27118644	3
77.39196	-30.981754	0.1764706	3
72.06739	-26.094114	0.30555555	5
94.18693	-16.194813	0.125	3
74.28509	-28.502098	0.27272728	5
81.89437	-38.832565	0.19565217	3
86.905266	-24.156176	0.21621622	3
86.129	-38.21516	0.14814815	3
76.567154	-56.722134	0.30232558	5
94.55231	-31.964521	0.0882353	2
99.65695	-21.431925	0.20833333	2
80.65476	-34.024197	0.28301886	2
72.46065	-80.07107	0.34210527	3
99.40168	-40.158077	0.20833333	5
87.76519	-40.194736	0.17073171	4
93.970314	-12.6473255	0.0	2
89.35158	-36.595554	0.07692308	3
82.18032	-32.25021	0.114285715	3
89.56494	-28.132223	0.17857143	3
87.32968	-24.62151	0.15555556	3
