excellent	94.142746	-12.244345	0.2173913	
excellent	67.170395	-16.109907	0.33333334	
excellent	72.57482	-13.413337	0.46153846	
excellent	89.49203	-14.767801	0.3548387	
excellent	91.16501	-16.954617	0.22222222	
excellent	87.33838	-9.157665	0.21621622	
excellent	89.08866	-10.294743	0.33333334	
excellent	85.44485	-7.0032516	0.2173913	
excellent	82.73731	-19.657785	0.35714287	
excellent	93.310234	-11.955919	0.1904762	
excellent	69.37101	-15.86661	0.42307693	
excellent	81.645676	-7.352752	0.1724138	
excellent	83.510506	-14.276251	0.27586207	
excellent	79.60385	-16.921673	0.33333334	
excellent	84.00508	-13.71803	0.29411766	
excellent	83.15832	-23.34976	0.3448276	
excellent	90.84626	-14.732994	0.26666668	
excellent	98.94929	-14.225274	0.26086956	
excellent	84.98275	-9.149237	0.22222222	
excellent	90.32471	-9.882879	0.21568628	
excellent	99.61022	-7.974848	0.13793103	
excellent	83.52818	-12.605569	0.20588236	
excellent	87.783775	-16.854645	0.34375	
excellent	73.64254	-14.479891	0.33333334	
excellent	84.71219	-6.8636503	0.3125	
excellent	90.16474	-10.325208	0.3	
excellent	87.21479	-15.523214	0.25	
excellent	84.35211	-9.129639	0.25862068	
excellent	86.84937	-13.285906	0.23809524	
excellent	77.36297	-10.861621	0.39285713	
excellent	82.05235	-10.664578	0.38235295	
excellent	91.17917	-7.9413905	0.10344828	
excellent	91.49628	-17.489384	0.24242425	
excellent	85.388374	-10.597426	0.1904762	
excellent	95.11741	-18.419271	0.2413793	
excellent	82.46271	-8.083086	0.46875	
excellent	70.9463	-22.487476	0.5	
excellent	82.784386	-19.804325	0.31034482	
excellent	84.82919	-9.745658	0.42307693	
excellent	86.35641	-14.702811	0.20689656	
excellent	82.41957	-9.906093	0.3243243	
excellent	94.91846	-18.653177	0.3448276	
excellent	85.29235	-9.522444	0.32	
excellent	83.14448	-15.68742	0.2	
excellent	95.41365	-8.294624	0.25	
excellent	84.00647	-14.652786	0.34285715	
excellent	86.95456	-12.92019	0.22222222	
excellent	86.71451	-10.211753	0.25	
excellent	85.81121	-11.388878	0.34210527	
excellent	90.529015	-7.281606	0.21428572	
excellent	83.37006	-14.811143	0.2857143	
excellent	86.4272	-9.104766	0.25490198	
excellent	74.84801	-11.266483	0.31111112	
excellent	80.105545	-10.576903	0.37037036	
excellent	71.689995	-10.136551	0.33333334	
excellent	81.91014	-9.646768	0.37142858	
excellent	89.36145	-21.750504	0.3043478	
excellent	78.417366	-17.863836	0.4074074	
excellent	99.34393	-12.376326	0.25925925	
excellent	73.81463	-20.090796	0.26666668	
excellent	77.875786	-13.025286	0.3529412	
excellent	78.9437	-13.378575	0.22222222	
excellent	93.25277	-5.871143	0.31578946	
excellent	86.73354	-20.641546	0.32352942	
excellent	94.20242	-10.216338	0.26923078	
excellent	73.64413	-11.410672	0.375	
excellent	89.21862	-9.719792	0.24390244	
excellent	77.594795	-14.968782	0.36585367	
excellent	85.78252	-13.350889	0.38333333	
excellent	92.03754	-11.015576	0.20689656	
excellent	87.76728	-13.063678	0.34375	
excellent	99.12797	-8.691842	0.25	
excellent	93.248955	-13.687323	0.375	
excellent	79.93135	-14.698542	0.16666667	
excellent	85.82346	-9.243595	0.30232558	
excellent	93.24739	-11.363032	0.3030303	
excellent	93.70582	-20.249817	0.2777778	
excellent	89.12971	-8.231064	0.31914893	
excellent	100.0	-4.9344616	0.16666667	
excellent	65.59054	-17.934622	0.46666667	
excellent	86.89244	-15.459094	0.34285715	
excellent	91.22677	-11.895886	0.27272728	
excellent	82.362625	-11.414583	0.25	
excellent	75.73607	-6.916491	0.28125	
excellent	76.1273	-19.08779	0.33333334	
excellent	90.09083	-6.6111507	0.3030303	
excellent	99.84874	-9.658464	0.1904762	
excellent	90.26061	-5.418903	0.16666667	
excellent	74.501175	-6.2671313	0.33333334	
excellent	91.11808	-4.742424	0.25714287	
excellent	80.43119	-10.085168	0.29166666	
excellent	81.90247	-17.03026	0.42307693	
excellent	92.25338	-30.364239	0.1875	
excellent	72.721176	-10.558252	0.4347826	
excellent	86.70956	-9.016075	0.28947368	
excellent	94.20663	-14.522267	0.26923078	
excellent	97.88142	-10.4260025	0.37037036	
excellent	92.36066	-11.026092	0.3809524	
excellent	94.45906	-11.389884	0.15384616	
excellent	87.134285	-6.504662	0.29032257	
excellent	78.63779	-12.582605	0.23809524	
excellent	86.75741	-9.383207	0.3	
excellent	78.94361	-8.806793	0.25	
excellent	84.699	-17.91604	0.25	
excellent	86.316025	-26.830927	0.1904762	
excellent	84.15626	-5.918319	0.30952382	
excellent	85.51969	-10.636853	0.28125	
excellent	93.86116	-13.551441	0.2647059	
excellent	75.3823	-12.305285	0.475	
excellent	100.0	-11.354332	0.17391305	
excellent	83.23991	-12.640754	0.30769232	
excellent	85.65475	-15.567544	0.33333334	
excellent	84.85066	-12.698715	0.44444445	
excellent	99.13809	-8.005021	0.14814815	
excellent	91.966835	-12.340703	0.14285715	
excellent	80.68195	-12.619249	0.18181819	
excellent	82.73093	-12.695485	0.23684211	
excellent	85.95099	-11.131796	0.41666666	
excellent	79.169975	-10.380074	0.21875	
excellent	93.98682	-13.339512	0.21875	
excellent	66.05708	-14.078472	0.45833334	
excellent	80.80371	-6.5070715	0.21428572	
excellent	86.787766	-10.033565	0.2972973	
excellent	99.68484	-3.4397628	0.2	
excellent	75.18083	-9.602367	0.31034482	
excellent	77.15115	-8.586982	0.3548387	
excellent	99.068695	-20.178905	0.2631579	
excellent	85.61154	-8.412877	0.23076923	
excellent	88.051414	-13.650156	0.3181818	
excellent	85.08249	-12.766746	0.26190478	
excellent	79.08291	-12.150868	0.3478261	
excellent	77.96646	-14.275772	0.21212122	
excellent	90.72238	-19.231571	0.21052632	
excellent	99.27098	-15.653749	0.20689656	
excellent	91.51583	-8.271646	0.115384616	
excellent	83.450836	-11.623473	0.30769232	
excellent	92.48974	-8.265185	0.25	
excellent	92.10962	-8.425266	0.27027026	
excellent	84.93206	-13.418024	0.38235295	
excellent	85.21266	-10.606251	0.25925925	
excellent	98.54348	-11.967377	0.30769232	
excellent	82.06512	-7.988942	0.22857143	
excellent	77.632195	-8.381895	0.2	
excellent	81.18659	-14.132072	0.5	
excellent	96.04302	-7.2166824	0.17948718	
excellent	81.69096	-10.451245	0.22857143	
excellent	86.58918	-9.974875	0.18604651	
excellent	90.82526	-16.710558	0.18181819	
excellent	90.44563	-17.758772	0.28	
excellent	89.13047	-9.73532	0.23529412	
excellent	99.56604	-7.18048	0.21428572	
excellent	92.33717	-10.09588	0.2413793	
excellent	84.70389	-9.441197	0.31428573	
excellent	81.24462	-17.009739	0.25	
excellent	99.334496	-10.845193	0.31707317	
excellent	81.02514	-16.313917	0.28	
excellent	84.65105	-7.370454	0.25925925	
excellent	86.262535	-18.150108	0.325	
excellent	86.3561	-13.238308	0.2173913	
excellent	89.105354	-12.875999	0.3043478	
excellent	93.412964	-12.870327	0.27906978	
excellent	90.31887	-13.788118	0.34146342	
excellent	98.12466	-8.260943	0.25	
excellent	81.95017	-21.719826	0.33333334	
excellent	86.20619	-11.720362	0.25	
excellent	87.30363	-10.765941	0.21428572	
excellent	92.00524	-13.068118	0.2413793	
excellent	90.488106	-6.0524316	0.18518518	
excellent	92.73532	-17.262295	0.25	
excellent	91.69933	-7.8557158	0.14634146	
excellent	85.573746	-8.126459	0.3043478	
excellent	99.427666	-13.029395	0.14285715	
excellent	95.12234	-15.654093	0.23076923	
excellent	80.81871	-14.236879	0.34375	
excellent	99.245544	-14.1917515	0.2	
excellent	93.95594	-12.080418	0.44444445	
excellent	80.27525	-6.415718	0.32352942	
excellent	83.404526	-18.137613	0.2631579	
excellent	93.76854	-10.818386	0.23333333	
excellent	89.00584	-15.872622	0.23076923	
excellent	90.395226	-7.2770734	0.26666668	
excellent	82.860695	-16.220728	0.2647059	
excellent	89.328384	-19.225025	0.3809524	
excellent	89.008675	-12.802721	0.14814815	
excellent	89.302185	-10.064252	0.23684211	
excellent	93.19109	-9.335335	0.26086956	
excellent	90.80566	-7.920313	0.32258064	
excellent	81.15962	-9.012089	0.34146342	
excellent	87.730644	-9.785885	0.17142858	
excellent	93.11492	-10.960486	0.26666668	
excellent	60.900063	-13.4355955	0.32142857	
excellent	82.232925	-7.0731583	0.31111112	
excellent	87.07067	-8.030683	0.3255814	
excellent	82.17443	-10.424604	0.33333334	
excellent	78.20663	-12.80188	0.36	
excellent	92.50508	-15.143785	0.3809524	
excellent	79.85301	-5.4629107	0.17391305	
excellent	68.80413	-7.021509	0.28	
excellent	99.75749	-3.1834285	0.22222222	
excellent	88.08069	-10.60658	0.25	
excellent	90.77405	-9.512489	0.3265306	
excellent	92.94459	-6.238318	0.20512821	
excellent	83.732376	-12.419552	0.14705883	
excellent	80.90947	-10.454955	0.26086956	
excellent	88.55458	-11.030486	0.25	
excellent	94.25333	-11.094456	0.1875	
excellent	85.56879	-17.624344	0.36842105	
excellent	98.82051	-4.609271	0.04347826	
excellent	66.539474	-25.228685	0.44444445	
excellent	82.49077	-10.142002	0.44186047	
excellent	93.40562	-10.551083	0.29166666	
excellent	85.27379	-9.302475	0.3488372	
excellent	90.39517	-6.743772	0.23529412	
excellent	98.677765	-19.717285	0.1724138	
excellent	78.82095	-10.627838	0.39285713	
excellent	85.00586	-8.385184	0.23333333	
excellent	76.36637	-15.800305	0.31578946	
excellent	82.01695	-11.3547325	0.25490198	
excellent	91.11727	-9.356422	0.25925925	
excellent	90.45918	-8.725397	0.25	
excellent	83.237564	-17.62858	0.3783784	
excellent	81.74796	-10.608528	0.29411766	
excellent	69.430016	-17.701422	0.3859649	
excellent	80.31902	-14.648793	0.2777778	
excellent	85.18342	-10.29953	0.3888889	
excellent	93.6742	-12.651946	0.2	
excellent	87.91863	-14.167022	0.27906978	
excellent	94.721275	-13.880214	0.36666667	
excellent	84.623405	-10.145948	0.25	
excellent	93.60303	-17.061855	0.16666667	
excellent	94.48767	-7.145836	0.25	
excellent	91.27041	-17.565691	0.4375	
excellent	94.94481	-9.497049	0.34615386	
excellent	89.10777	-8.949775	0.17857143	
excellent	98.93816	-20.285826	0.14814815	
excellent	99.6603	-11.242307	0.05263158	
excellent	99.77349	-6.6153936	0.06896552	
excellent	81.661095	-16.90664	0.30555555	
excellent	88.35664	-13.607509	0.19512194	
excellent	68.38843	-11.01377	0.36363637	
excellent	92.47505	-15.415184	0.4074074	
excellent	99.355286	-7.818934	0.15	
excellent	93.182785	-9.372705	0.28	
excellent	93.91264	-9.720873	0.28	
excellent	81.91229	-10.342355	0.3	
excellent	95.35841	-7.6745934	0.16	
excellent	85.0991	-10.342737	0.30769232	
excellent	75.58911	-20.471558	0.34615386	
excellent	84.81483	-7.0575495	0.3	
excellent	83.11055	-11.238659	0.21875	
excellent	93.5585	-10.728402	0.22580644	
excellent	93.5166	-15.111716	0.2580645	
excellent	92.81207	-12.212083	0.1764706	
excellent	83.14742	-7.2533507	0.3181818	
excellent	65.028175	-14.601768	0.59574467	
excellent	99.651695	-10.7172785	0.26923078	
excellent	95.11454	-12.722482	0.175	
excellent	78.27879	-23.236748	0.28	
excellent	76.66204	-17.135529	0.43333334	
excellent	99.280205	-10.636985	0.21212122	
excellent	74.48368	-11.967407	0.46153846	
excellent	93.598305	-10.965579	0.21052632	
excellent	81.88682	-10.118312	0.25	
excellent	66.87202	-10.377085	0.4375	
excellent	79.60385	-16.921673	0.33333334	
excellent	93.76382	-11.085558	0.15	
excellent	85.34867	-8.252887	0.37209302	
excellent	89.05021	-7.7091146	0.17391305	
excellent	86.914276	-15.84226	0.2857143	
excellent	99.71671	-10.785789	0.125	
excellent	75.063446	-13.903846	0.3030303	
excellent	89.86739	-11.525246	0.27586207	
excellent	94.025734	-10.091305	0.21212122	
excellent	94.8552	-9.170134	0.20930232	
excellent	100.0	-14.085684	0.13793103	
excellent	98.71025	-8.490872	0.09090909	
excellent	82.58205	-10.097358	0.30612245	
excellent	99.70524	-7.48296	0.18181819	
excellent	91.37063	-12.707129	0.29032257	
excellent	88.329926	-10.881118	0.18518518	
excellent	66.440796	-12.564006	0.4	
excellent	89.066505	-8.286921	0.25925925	
excellent	83.48172	-9.057968	0.36585367	
excellent	78.96361	-11.939439	0.23076923	
excellent	83.71639	-6.6399193	0.3030303	
excellent	99.78013	-9.092073	0.27586207	
excellent	92.056046	-8.389567	0.23529412	
excellent	88.81501	-14.565101	0.18518518	
excellent	84.4191	-10.562279	0.1875	
excellent	90.003044	-9.80124	0.25925925	
excellent	92.01911	-10.15115	0.2972973	
excellent	92.04521	-12.038074	0.2	
excellent	94.19291	-14.075763	0.08695652	
excellent	80.45963	-8.432468	0.4	
excellent	82.00258	-7.808921	0.37931034	
excellent	95.04637	-9.081194	0.13793103	
excellent	80.99919	-9.154117	0.34210527	
excellent	93.51506	-8.562964	0.14814815	
excellent	74.41618	-14.097579	0.4074074	
excellent	85.4717	-9.756798	0.23809524	
excellent	91.601265	-25.485468	0.18181819	
excellent	90.93501	-20.460579	0.15384616	
excellent	83.99487	-10.267462	0.21621622	
excellent	70.58537	-15.97379	0.46153846	
excellent	88.50786	-11.202323	0.3888889	
excellent	87.89328	-10.314342	0.2857143	
excellent	90.3579	-9.318233	0.16	
excellent	89.243164	-27.359947	0.26923078	
excellent	78.97651	-11.497995	0.30769232	
excellent	90.96344	-12.980459	0.13513513	
excellent	99.92683	-6.6993146	0.1904762	
excellent	81.09099	-11.588652	0.21212122	
excellent	81.26858	-7.7362623	0.3243243	
excellent	67.24283	-16.952126	0.48387095	
excellent	93.93531	-13.115382	0.22222222	
excellent	99.45771	-11.3583555	0.14705883	
excellent	84.3121	-5.949126	0.31578946	
excellent	88.04874	-11.3569355	0.1891892	
excellent	88.369286	-10.073102	0.26086956	
excellent	88.0525	-13.57954	0.28947368	
excellent	96.56259	-24.008492	0.19512194	
excellent	98.770515	-7.9957476	0.31034482	
excellent	99.2809	-14.819255	0.22222222	
excellent	78.3201	-10.041624	0.38235295	
excellent	89.98525	-8.714412	0.27272728	
excellent	92.779144	-7.6067038	0.21428572	
excellent	92.54531	-13.200075	0.3030303	
excellent	73.594475	-11.229197	0.3548387	
excellent	90.77756	-17.827105	0.32258064	
excellent	91.13619	-8.26895	0.36363637	
excellent	78.75688	-14.649265	0.34146342	
excellent	70.8616	-13.853963	0.40625	
excellent	80.94022	-43.52649	0.33333334	
excellent	99.66238	-16.692554	0.05	
excellent	90.28495	-7.799317	0.125	
excellent	94.83071	-9.678956	0.23076923	
excellent	89.14642	-13.751968	0.32142857	
excellent	80.06437	-5.851841	0.48	
excellent	82.6343	-11.095722	0.25	
excellent	94.27596	-10.7601385	0.25641027	
excellent	86.899864	-19.446108	0.15789473	
excellent	90.51057	-8.643126	0.16666667	
excellent	74.26023	-21.187428	0.3	
excellent	82.04629	-11.628946	0.375	
excellent	89.50862	-25.09136	0.35714287	
excellent	77.995834	-9.030951	0.4090909	
excellent	75.18205	-15.005036	0.3181818	
excellent	88.83024	-7.129162	0.20833333	
excellent	94.18904	-7.2318244	0.29268292	
excellent	99.53258	-12.912338	0.33333334	
excellent	82.29261	-11.457149	0.45945945	
excellent	93.59129	-9.8029375	0.21428572	
excellent	85.34108	-11.970469	0.25	
excellent	85.6967	-9.950376	0.42857143	
excellent	80.764496	-18.0215	0.2826087	
excellent	98.70701	-9.292527	0.45833334	
excellent	91.859055	-11.949724	0.29411766	
excellent	90.02737	-17.693537	0.32	
excellent	98.23017	-15.791577	0.16	
excellent	95.009254	-15.528498	0.11904762	
excellent	81.87734	-13.369924	0.2	
excellent	99.306885	-10.086724	0.3	
excellent	83.390656	-9.00208	0.15789473	
excellent	81.36218	-17.240305	0.28	
excellent	90.09511	-9.836417	0.31034482	
excellent	84.73191	-18.749641	0.27272728	
excellent	87.22784	-14.833573	0.2	
excellent	98.55362	-16.126406	0.4	
excellent	85.38298	-8.265217	0.23809524	
excellent	78.30112	-10.8446665	0.4347826	
excellent	99.44964	-18.724588	0.32142857	
excellent	80.43483	-7.533214	0.23809524	
excellent	92.15566	-17.01509	0.24390244	
excellent	99.55709	-11.72931	0.0	
excellent	74.48111	-11.3206835	0.27659574	
excellent	91.97243	-20.639364	0.375	
excellent	84.82356	-11.578688	0.30769232	
excellent	99.67882	-16.30884	0.115384616	
excellent	91.15161	-16.97504	0.16129032	
excellent	94.10649	-9.340444	0.33333334	
excellent	77.06661	-16.13287	0.39285713	
excellent	79.83712	-10.896463	0.25	
excellent	85.51504	-7.740926	0.2857143	
excellent	83.43454	-6.996116	0.39285713	
excellent	84.15351	-8.930563	0.21428572	
excellent	95.7919	-12.481531	0.125	
excellent	81.88917	-9.550356	0.35	
excellent	93.83121	-9.772348	0.34375	
excellent	86.04103	-7.558421	0.29032257	
excellent	80.254906	-6.893685	0.41666666	
excellent	98.526245	-10.886888	0.125	
excellent	83.70008	-6.5870905	0.3125	
excellent	88.89386	-12.846319	0.18181819	
excellent	91.34327	-7.316115	0.21052632	
excellent	85.50013	-15.188821	0.2647059	
excellent	91.658646	-24.09035	0.35	
excellent	85.51204	-15.74428	0.3888889	
excellent	85.70063	-16.814144	0.2647059	
excellent	79.88733	-13.9173975	0.38709676	
excellent	99.04969	-13.378858	0.31578946	
excellent	88.83138	-15.297947	0.30769232	
excellent	81.396255	-14.41262	0.375	
excellent	75.51475	-12.176568	0.3488372	
excellent	85.51486	-12.976124	0.21052632	
excellent	89.27286	-11.609374	0.26666668	
excellent	84.739456	-9.645627	0.2857143	
excellent	98.65294	-5.163193	0.15	
excellent	83.62707	-8.682617	0.30357143	
excellent	93.68472	-12.157607	0.42307693	
excellent	76.220085	-9.846333	0.2962963	
excellent	86.82507	-8.088222	0.25	
excellent	72.2064	-12.868161	0.4047619	
excellent	86.28921	-13.375313	0.1764706	
excellent	89.05206	-14.323805	0.23809524	
excellent	90.15038	-14.13042	0.19354838	
excellent	77.43051	-11.096038	0.17391305	
excellent	99.71214	-6.61644	0.13043478	
excellent	93.54365	-6.282617	0.22222222	
excellent	99.32056	-7.6751475	0.14285715	
excellent	86.05694	-16.030334	0.25	
excellent	90.86964	-10.010165	0.33333334	
excellent	81.56859	-13.45077	0.34285715	
excellent	89.92756	-14.381282	0.30555555	
excellent	91.77078	-10.7026415	0.25	
excellent	63.36648	-13.628995	0.44067797	
excellent	83.59059	-10.238249	0.3125	
excellent	99.01361	-9.746181	0.22580644	
excellent	88.27199	-13.961731	0.275	
excellent	88.0355	-9.593901	0.24	
excellent	90.708244	-5.7577367	0.22222222	
excellent	92.61708	-12.12304	0.22727273	
excellent	77.773186	-8.51006	0.34375	
excellent	81.008995	-14.290911	0.2173913	
excellent	83.1257	-17.64428	0.47058824	
excellent	78.642334	-11.754074	0.33333334	
excellent	75.320656	-12.323199	0.38709676	
excellent	94.606	-9.079917	0.26666668	
excellent	87.65211	-12.1546335	0.25925925	
excellent	77.065445	-10.797603	0.30769232	
excellent	85.65689	-14.45691	0.3181818	
excellent	98.61057	-10.877504	0.1764706	
excellent	90.895226	-10.702687	0.27272728	
excellent	99.46033	-10.637464	0.20588236	
excellent	75.84094	-7.0768166	0.38235295	
excellent	92.327934	-14.962156	0.2857143	
excellent	80.41042	-13.807151	0.36363637	
excellent	73.93507	-14.53152	0.25714287	
excellent	85.86615	-12.413181	0.24242425	
excellent	87.332	-18.020672	0.30769232	
excellent	86.2423	-6.86438	0.29545453	
