95.69921	-17.513039	0.35135135135135137	3
92.84104	-31.192043	0.1282051282051282	4
96.24522	-40.026585	0.2857142857142857	3
92.41475	-32.926476	0.19047619047619047	3
69.61015	-35.37714	0.3541666666666667	3
98.78703	-84.352585	0.29411764705882354	3
88.542305	-35.963657	0.2	5
82.512764	-48.399437	0.22727272727272727	4
83.56215	-24.304636	0.36363636363636365	4
60.3663	-100.38518	0.2727272727272727	5
86.17911	-29.093382	0.30612244897959184	4
86.94268	-15.73596	0.1951219512195122	4
85.1181	-37.86059	0.2127659574468085	4
75.810715	-50.186028	0.43902439024390244	5
78.70555	-30.651983	0.24444444444444444	3
90.16371	-23.267838	0.2222222222222222	3
88.29676	-26.939552	0.24074074074074073	4
99.693855	-9.793656	0.19047619047619047	2
63.754593	-20.388502	0.21666666666666667	5
92.774055	-17.22325	0.38461538461538464	3
85.23758	-46.949017	0.25	2
77.60772	-19.419104	0.3	2
78.31544	-29.079725	0.30357142857142855	3
93.219635	-13.449259	0.30952380952380953	2
82.4337	-39.897743	0.36666666666666664	4
75.70054	-32.557228	0.3333333333333333	3
88.54252	-25.211313	0.28205128205128205	3
72.14747	-17.581865	0.3076923076923077	5
99.24951	-17.497604	0.38235294117647056	3
92.386925	-27.476175	0.38235294117647056	3
87.68704	-38.59115	0.28125	1
77.30974	-37.29234	0.2	3
86.9826	-39.088665	0.35294117647058826	3
93.94841	-36.78247	0.19047619047619047	3
74.989265	-24.70168	0.3870967741935484	5
73.80461	-27.792164	0.36	4
85.70276	-48.672485	0.2962962962962963	2
74.4906	-33.897392	0.13636363636363635	2
75.75663	-33.445465	0.3	5
99.25122	-10.698074	0.37142857142857144	2
71.22835	-76.248116	0.4090909090909091	3
83.94554	-31.890743	0.34375	4
48.66577	-43.506462	0.3333333333333333	3
92.29871	-18.951708	0.3333333333333333	2
72.483315	-34.0406	0.4	4
92.04312	-15.460172	0.23076923076923078	2
99.65371	-18.840523	0.29411764705882354	2
72.6469	-34.753098	0.16666666666666666	1
80.65078	-29.773302	0.375	3
70.654	-33.792477	0.2727272727272727	4
99.08474	-71.000114	0.2222222222222222	3
94.15669	-27.470015	0.16666666666666666	2
35.316605	-10.940605	0.34615384615384615	5
88.47627	-21.326872	0.28125	2
86.84443	-39.641857	0.34146341463414637	3
78.89144	-48.04333	0.18604651162790697	4
95.13773	-24.028254	0.40625	2
93.30803	-19.307232	0.0	2
91.87813	-36.919327	0.30952380952380953	2
89.0312	-22.663712	0.2413793103448276	3
99.67694	-16.95065	0.2	3
71.44555	-66.53132	0.3695652173913043	4
77.89372	-42.90904	0.3333333333333333	4
89.70984	-27.65739	0.375	5
71.19819	-16.784966	0.05263157894736842	2
69.09354	-21.121256	0.40476190476190477	5
89.38982	-21.923027	0.3103448275862069	3
77.625084	-14.972435	0.23404255319148937	1
88.19972	-58.139473	0.3829787234042553	3
71.958	-45.22808	0.391304347826087	4
86.91594	-11.844921	0.1951219512195122	1
80.857925	-98.02782	0.19047619047619047	5
87.15552	-33.702583	0.5666666666666667	3
86.32792	-37.399162	0.22535211267605634	3
64.04018	-14.987342	0.5	5
74.57731	-32.808052	0.19607843137254902	2
99.148346	-13.126836	0.11764705882352941	5
86.95947	-24.215014	0.3333333333333333	4
99.84821	-10.658738	0.25	1
90.92799	-20.600338	0.35294117647058826	2
88.1182	-31.770428	0.3111111111111111	3
72.56978	-46.798695	0.27450980392156865	5
89.07498	-22.354845	0.28888888888888886	3
98.716255	-23.493057	0.4	3
95.32483	-13.900477	0.3793103448275862	4
76.98815	-23.24052	0.2	3
66.57274	-90.46546	0.34285714285714286	4
88.907394	-17.014927	0.35714285714285715	3
78.05667	-32.602795	0.2926829268292683	3
64.946266	-51.43111	0.2	3
91.12755	-52.293877	0.35714285714285715	3
99.21989	-9.768746	0.21052631578947367	2
62.80292	-43.16831	0.35294117647058826	5
73.65184	-25.548235	0.21212121212121213	3
91.74144	-27.764954	0.391304347826087	3
82.30812	-27.248758	0.19718309859154928	3
68.546715	-79.87315	0.41025641025641024	5
45.663975	-30.106403	0.38235294117647056	5
98.45314	-31.622341	0.16666666666666666	2
73.67847	-46.11309	0.32	3
92.3763	-20.70119	0.28888888888888886	2
63.656437	-35.348816	0.35714285714285715	5
84.17722	-30.81954	0.36585365853658536	3
100.0	-21.502905	0.375	2
99.727425	-25.859293	0.18181818181818182	3
99.12151	-27.491014	0.26666666666666666	3
82.90121	-30.921034	0.42857142857142855	4
62.516468	-34.49912	0.2857142857142857	3
73.23497	-37.996845	0.35135135135135137	4
73.60671	-39.179523	0.2903225806451613	2
93.98322	-34.079304	0.19047619047619047	3
91.23078	-17.77485	0.45	4
85.83438	-16.999271	0.2647058823529412	2
89.29865	-25.469034	0.38636363636363635	4
62.423332	-50.812634	0.24	5
88.87445	-50.36877	0.23076923076923078	2
71.55012	-63.472694	0.33962264150943394	5
89.962135	-22.682737	0.36363636363636365	2
91.14548	-30.715807	0.3157894736842105	3
71.04294	-39.86039	0.34146341463414637	3
87.30123	-34.844616	0.3953488372093023	4
99.48706	-10.0008955	0.32	2
99.87073	-17.316109	0.45	4
99.25379	-10.465031	0.2857142857142857	3
82.86601	-16.04404	0.42105263157894735	3
80.75955	-21.3211	0.23076923076923078	2
84.6973	-27.024351	0.26666666666666666	2
97.52201	-36.722847	0.21428571428571427	2
81.20303	-43.813053	0.2608695652173913	2
83.17537	-20.414574	0.3695652173913043	4
89.71225	-33.969402	0.25806451612903225	5
99.155815	-22.758379	0.43333333333333335	4
91.24898	-18.232021	0.3888888888888889	3
76.01566	-44.101303	0.34615384615384615	5
76.359955	-33.217327	0.05555555555555555	2
66.808395	-96.361725	0.46153846153846156	5
77.04404	-30.095947	0.27586206896551724	4
80.75635	-18.976252	0.3	2
97.86568	-27.478506	0.36666666666666664	4
88.99331	-12.980046	0.25	3
88.6917	-46.67707	0.275	5
89.71676	-53.251583	0.21428571428571427	5
61.78338	-46.404003	0.28	4
74.21054	-56.151688	0.25	4
88.738	-13.077744	0.43902439024390244	3
86.26261	-20.879768	0.23404255319148937	3
87.37184	-19.887833	0.19047619047619047	2
77.37799	-22.433504	0.32	1
84.4615	-22.49745	0.3076923076923077	3
80.88189	-24.351585	0.35	3
99.17678	-13.094684	0.36	4
86.014626	-38.62257	0.42857142857142855	3
99.23203	-28.070515	0.375	1
76.20871	-39.91955	0.3333333333333333	4
99.40347	-19.290037	0.23076923076923078	2
82.33535	-67.11969	0.2962962962962963	3
98.495964	-28.402197	0.3055555555555556	3
90.652916	-38.841515	0.3333333333333333	3
82.653915	-37.156227	0.23529411764705882	3
93.916084	-31.714157	0.23076923076923078	3
87.00095	-19.176361	0.27941176470588236	3
87.20635	-29.299622	0.38095238095238093	2
93.37191	-72.27155	0.2903225806451613	3
99.44954	-22.450542	0.24	3
96.05265	-26.379667	0.3333333333333333	1
85.50457	-26.196968	0.16666666666666666	3
78.5012	-70.28924	0.3333333333333333	3
94.5244	-28.757208	0.3125	3
81.14293	-33.08682	0.16129032258064516	3
86.03943	-58.55277	0.22580645161290322	3
99.93142	-20.41385	0.13333333333333333	1
94.62838	-32.167053	0.21212121212121213	2
93.31421	-35.88136	0.26666666666666666	3
70.619286	-61.421543	0.2727272727272727	4
95.74282	-13.846243	0.24390243902439024	2
82.88706	-63.355663	0.2909090909090909	4
75.541016	-37.902473	0.2647058823529412	5
83.682724	-24.325943	0.52	3
84.624466	-19.679882	0.2903225806451613	4
83.98318	-17.990896	0.23880597014925373	1
80.58345	-30.663	0.28	2
83.31017	-42.394745	0.21153846153846154	5
73.0708	-46.86053	0.45454545454545453	5
86.05861	-34.41498	0.2857142857142857	5
94.57881	-37.119514	0.1	1
92.9178	-17.788643	0.28888888888888886	3
93.39162	-23.263117	0.2222222222222222	3
69.64616	-32.53118	0.39473684210526316	3
63.551975	-53.38657	0.2692307692307692	5
82.48257	-19.67518	0.36666666666666664	2
83.186966	-26.30272	0.34285714285714286	3
72.24837	-48.316227	0.43333333333333335	4
93.56101	-24.329163	0.23076923076923078	3
71.547104	-30.265047	0.3870967741935484	5
62.467308	-54.46809	0.3488372093023256	5
69.14847	-65.49656	0.43333333333333335	5
80.39113	-28.252708	0.3870967741935484	3
86.87363	-77.292946	0.25	4
85.736885	-29.389748	0.2564102564102564	2
92.22568	-14.031598	0.22807017543859648	3
87.5118	-29.373432	0.12	3
86.20823	-34.43003	0.22727272727272727	3
47.89063	-29.515745	0.4	3
80.86995	-27.314362	0.23404255319148937	3
68.92747	-46.091038	0.21428571428571427	3
93.211525	-11.731067	0.2	3
73.96434	-39.61492	0.4098360655737705	4
86.82694	-44.824886	0.3191489361702128	4
94.75036	-15.900628	0.16666666666666666	3
80.803444	-51.271404	0.28888888888888886	4
84.40622	-58.03266	0.30158730158730157	5
62.859894	-26.84441	0.23529411764705882	2
50.308357	-22.34202	0.3333333333333333	3
94.42407	-31.831074	0.19047619047619047	3
92.134926	-38.695473	0.21875	3
91.54268	-15.956443	0.2916666666666667	2
87.62169	-36.1824	0.3770491803278688	4
88.51312	-18.2497	0.25	2
76.82164	-98.02815	0.3	5
88.01137	-29.95639	0.36363636363636365	3
66.284225	-61.586086	0.3157894736842105	5
76.66988	-39.61197	0.4583333333333333	4
78.63595	-33.08669	0.16666666666666666	3
75.59884	-54.927013	0.2222222222222222	3
81.459595	-39.993896	0.2916666666666667	3
77.0744	-62.16632	0.3953488372093023	5
81.61472	-52.381096	0.19047619047619047	2
80.83162	-29.7557	0.25	2
82.49466	-60.199947	0.36	5
71.17473	-28.137938	0.4230769230769231	5
85.38032	-34.887787	0.29411764705882354	4
47.31276	-25.829372	0.375	4
74.51856	-27.843098	0.20588235294117646	3
87.31555	-23.435698	0.2	3
99.11958	-19.532148	0.35135135135135137	3
75.713806	-26.559057	0.3548387096774194	3
78.44264	-34.13169	0.16129032258064516	3
98.8325	-23.356844	0.3235294117647059	4
79.91362	-62.176514	0.35	4
65.52165	-25.43903	0.2857142857142857	5
84.52081	-18.810806	0.23529411764705882	4
87.39624	-30.0824	0.4375	3
93.4476	-29.36045	0.23809523809523808	2
72.81113	-84.79096	0.2222222222222222	3
82.067825	-25.967245	0.3157894736842105	3
84.448166	-27.999632	0.2727272727272727	3
75.9248	-11.448856	0.4	4
86.328	-37.436943	0.3170731707317073	2
89.41551	-31.333353	0.3333333333333333	3
54.60689	-63.434525	0.42857142857142855	3
83.46651	-29.356138	0.19230769230769232	3
76.76354	-21.997597	0.1935483870967742	2
81.517914	-17.972658	0.23529411764705882	4
95.2249	-18.624935	0.4074074074074074	3
95.078636	-17.894487	0.43333333333333335	3
88.24371	-27.784626	0.3076923076923077	3
81.780914	-43.928234	0.23333333333333334	3
59.62856	-22.079306	0.2727272727272727	5
78.8573	-63.708874	0.4	3
83.65026	-15.601909	0.29545454545454547	3
98.7037	-6.6663337	0.21739130434782608	3
93.777885	-24.98955	0.2916666666666667	3
80.549034	-39.20911	0.20224719101123595	4
90.74314	-33.64528	0.26666666666666666	2
93.64343	-18.72664	0.23076923076923078	2
93.49974	-30.99383	0.30434782608695654	4
79.48291	-23.472374	0.21428571428571427	4
87.92496	-20.894344	0.27586206896551724	3
79.81053	-33.086735	0.4375	3
48.903355	-60.656864	0.3333333333333333	3
83.749794	-58.639877	0.32432432432432434	2
85.33234	-18.29716	0.30434782608695654	3
80.627464	-41.27374	0.32	4
75.94827	-25.79245	0.38235294117647056	3
76.08855	-57.182564	0.2037037037037037	3
93.43039	-18.140806	0.2	2
92.77281	-29.911491	0.39285714285714285	3
79.9281	-42.36708	0.3333333333333333	3
43.41699	-24.279886	0.23529411764705882	5
92.759	-17.05413	0.375	3
84.00213	-63.34883	0.17647058823529413	3
69.647156	-45.883575	0.3939393939393939	5
87.68872	-22.763874	0.3137254901960784	5
72.103966	-85.6469	0.26666666666666666	4
62.430943	-42.55549	0.3	5
86.62096	-22.614786	0.2608695652173913	5
65.961365	-31.153206	0.2631578947368421	5
74.636604	-19.021397	0.1935483870967742	2
92.06779	-22.95801	0.38333333333333336	3
47.61679	-14.02083	0.22727272727272727	5
67.98148	-131.14299	0.32	2
85.99852	-20.462173	0.3076923076923077	3
84.26911	-49.728783	0.5	4
87.78433	-25.751968	0.47058823529411764	3
80.95096	-28.702547	0.3870967741935484	4
83.09353	-43.664825	0.4375	4
78.46097	-32.16534	0.34375	3
94.9133	-9.586874	0.26666666666666666	5
78.78103	-32.226322	0.2857142857142857	1
89.76477	-23.975258	0.28205128205128205	3
74.574615	-29.094776	0.32142857142857145	4
54.47332	-54.988064	0.45714285714285713	5
77.93292	-14.46081	0.3111111111111111	4
92.12875	-18.596252	0.2682926829268293	1
73.81322	-40.202812	0.4166666666666667	1
83.50267	-37.45347	0.1388888888888889	3
84.96017	-40.918983	0.25	3
84.87037	-25.999369	0.19148936170212766	2
90.12167	-49.483105	0.4375	5
61.958897	-77.4296	0.32075471698113206	5
70.028496	-29.66677	0.3157894736842105	2
98.39868	-13.413902	0.14285714285714285	3
91.44512	-36.3435	0.23076923076923078	2
71.61996	-30.755129	0.40816326530612246	4
86.83382	-27.732668	0.25	4
94.75373	-26.412899	0.2222222222222222	2
77.89162	-39.07323	0.06060606060606061	3
78.838165	-54.690487	0.45454545454545453	5
80.11789	-31.101913	0.4	4
83.06293	-73.60631	0.06666666666666667	2
87.04892	-29.904692	0.32075471698113206	3
82.50555	-35.39811	0.2777777777777778	3
75.29712	-43.922394	0.21739130434782608	3
85.94551	-39.537365	0.20512820512820512	3
80.44782	-26.386957	0.22727272727272727	4
98.29591	-23.093996	0.2631578947368421	2
85.04704	-16.310835	0.3793103448275862	3
79.31907	-38.21265	0.3111111111111111	3
94.506546	-18.682882	0.23333333333333334	3
91.18794	-35.055813	0.24242424242424243	3
91.327995	-28.06378	0.4722222222222222	2
98.35934	-40.40915	0.14285714285714285	3
80.67199	-15.26266	0.4666666666666667	2
47.432842	-64.274704	0.3	3
77.139305	-48.750305	0.3333333333333333	3
81.3478	-17.12423	0.16666666666666666	3
82.50387	-33.955975	0.2553191489361702	2
78.71577	-15.36112	0.14285714285714285	3
94.33997	-21.172878	0.3333333333333333	3
99.2014	-20.786697	0.3157894736842105	4
87.59512	-13.086787	0.23809523809523808	2
69.10749	-50.794037	0.3404255319148936	3
82.90086	-21.396967	0.4	4
78.579025	-35.436573	0.30434782608695654	2
82.819214	-21.68142	0.3142857142857143	3
79.017975	-39.858513	0.3333333333333333	3
80.619545	-28.973145	0.2826086956521739	3
88.61577	-22.559023	0.375	3
79.367065	-48.58115	0.3	4
49.99906	-18.34448	0.3111111111111111	5
70.92601	-16.025084	0.28865979381443296	5
82.20508	-26.545368	0.2857142857142857	4
83.87735	-39.481762	0.2857142857142857	2
85.225105	-46.939095	0.25	4
89.38771	-29.530167	0.30158730158730157	3
89.07761	-13.849719	0.4090909090909091	3
87.65995	-22.462673	0.24074074074074073	3
93.88605	-13.246631	0.24242424242424243	2
95.25473	-28.849308	0.3333333333333333	2
85.632996	-22.376888	0.36923076923076925	3
79.91064	-11.77653	0.4117647058823529	2
85.12734	-25.911734	0.3448275862068966	3
87.985275	-68.4959	0.45161290322580644	4
88.82431	-19.134848	0.32075471698113206	2
85.62547	-34.055557	0.3225806451612903	3
94.63042	-18.698368	0.36666666666666664	2
74.21956	-47.04731	0.3181818181818182	3
79.595566	-53.77936	0.16666666666666666	4
81.284355	-39.30134	0.38461538461538464	2
91.7748	-11.0731535	0.27906976744186046	3
76.18959	-30.80026	0.2727272727272727	3
71.80883	-28.112495	0.2777777777777778	3
76.59712	-33.103943	0.3333333333333333	3
90.41472	-29.79268	0.375	2
77.749344	-24.011332	0.1935483870967742	2
58.60137	-98.23722	0.25	3
79.58234	-32.790333	0.25396825396825395	3
75.30082	-27.760117	0.4090909090909091	3
71.56714	-27.688753	0.15789473684210525	5
76.73622	-63.51123	0.23809523809523808	3
94.72283	-22.352875	0.2692307692307692	3
95.41939	-14.818569	0.14285714285714285	1
81.52507	-36.12769	0.2903225806451613	4
76.066505	-15.221554	0.3728813559322034	2
92.8583	-27.957262	0.375	3
83.794945	-34.285873	0.2857142857142857	3
84.44281	-18.863232	0.23214285714285715	1
74.05207	-51.807922	0.42857142857142855	5
95.09012	-26.07885	0.40625	3
77.80423	-43.536034	0.27906976744186046	3
82.38194	-29.41221	0.3541666666666667	3
87.834595	-35.626564	0.37142857142857144	2
98.96405	-38.7831	0.391304347826087	4
74.11909	-50.649506	0.3114754098360656	4
94.188675	-15.563782	0.34615384615384615	2
82.54974	-36.375393	0.3125	3
98.98043	-14.35347	0.4146341463414634	1
58.34795	-62.967133	0.2619047619047619	5
70.38368	-66.004234	0.32142857142857145	3
62.112217	-44.135822	0.44	4
82.192	-27.675707	0.37662337662337664	3
91.50936	-23.889074	0.47368421052631576	2
98.955284	-47.78739	0.28	3
75.93328	-38.942284	0.37037037037037035	3
71.44411	-34.413166	0.21428571428571427	3
68.4004	-71.167786	0.48	5
78.641396	-56.71392	0.16666666666666666	5
88.91345	-29.672499	0.4146341463414634	3
75.152115	-24.266743	0.34210526315789475	5
66.63478	-63.391453	0.3157894736842105	5
65.59509	-25.219673	0.3333333333333333	5
87.669205	-26.133236	0.35	3
100.0	-19.920483	0.16	5
76.60734	-23.438997	0.23076923076923078	2
83.89411	-64.83907	0.36507936507936506	5
76.51331	-90.52906	0.20930232558139536	5
78.46516	-45.07062	0.25	4
84.55259	-13.370443	0.08333333333333333	1
86.99863	-19.041225	0.25	3
87.46486	-64.18918	0.4782608695652174	3
85.516304	-16.023975	0.3157894736842105	3
75.795166	-64.20293	0.5	3
85.37445	-47.25673	0.27906976744186046	4
74.92736	-33.671497	0.28	3
69.91675	-60.534866	0.28888888888888886	3
75.90035	-50.395683	0.3333333333333333	3
99.88868	-16.012178	0.43333333333333335	2
92.64974	-13.037565	0.24074074074074073	2
84.902214	-14.999809	0.2857142857142857	3
55.882324	-22.139399	0.16666666666666666	5
78.06707	-33.6244	0.19047619047619047	3
94.72879	-36.498734	0.47058823529411764	4
84.021324	-18.619726	0.38596491228070173	3
81.30113	-19.400835	0.30303030303030304	2
81.5601	-25.382683	0.24050632911392406	3
80.31506	-41.819046	0.24	2
89.613266	-29.920914	0.1875	1
88.164345	-16.72333	0.28125	3
74.42154	-18.893482	0.3548387096774194	3
77.61059	-44.256866	0.3333333333333333	5
61.21437	-48.292862	0.27906976744186046	3
85.788025	-24.373682	0.4473684210526316	4
99.339806	-14.950134	0.1875	2
84.87774	-30.31704	0.3333333333333333	2
93.83372	-27.848587	0.2777777777777778	3
84.90015	-14.105808	0.3902439024390244	3
82.69315	-21.690702	0.3902439024390244	3
79.56067	-30.160513	0.2631578947368421	3
95.69682	-25.502144	0.17142857142857143	3
89.62355	-20.089117	0.2857142857142857	2
59.48247	-29.322887	0.3404255319148936	5
88.5418	-13.752169	0.38095238095238093	3
93.90915	-15.696653	0.2413793103448276	2
77.08525	-36.41083	0.40476190476190477	4
55.292645	-106.10722	0.3275862068965517	4
81.19717	-18.98025	0.3157894736842105	4
86.32179	-20.486645	0.273972602739726	2
59.756115	-107.92409	0.15625	4
82.10383	-71.01311	0.09090909090909091	5
78.34653	-30.411892	0.16279069767441862	4
89.08579	-31.792835	0.3333333333333333	2
69.13255	-49.183613	0.34375	4
99.98222	-31.079557	0.19047619047619047	3
91.1752	-41.633045	0.13636363636363635	3
84.28416	-16.315983	0.36363636363636365	3
80.256966	-26.448824	0.40625	5
85.750404	-36.91813	0.3880597014925373	4
96.10096	-19.29237	0.391304347826087	3
87.46391	-24.889488	0.3488372093023256	4
81.33265	-20.512497	0.19444444444444445	3
78.30034	-30.305016	0.25	4
90.3491	-30.17908	0.34375	3
76.80287	-21.456795	0.24324324324324326	1
84.550316	-53.260235	0.3333333333333333	4
75.139206	-33.372414	0.2631578947368421	5
82.528824	-44.302673	0.23076923076923078	4
83.97311	-34.824173	0.21875	3
71.59693	-33.681175	0.15151515151515152	3
93.24867	-20.696957	0.35555555555555557	2
87.51162	-29.84829	0.41304347826086957	4
62.86553	-52.867653	0.35	5
73.55338	-48.98316	0.3333333333333333	4
88.66925	-27.795195	0.375	2
86.46332	-21.314796	0.3191489361702128	3
72.254555	-17.587559	0.2972972972972973	3
87.7787	-20.99489	0.20454545454545456	3
88.03282	-54.18391	0.46153846153846156	5
86.52556	-17.835363	0.3	3
76.33552	-8.676312	0.17647058823529413	1
74.44755	-29.211975	0.24	3
75.1454	-30.975801	0.3275862068965517	4
92.65927	-31.826668	0.1724137931034483	5
89.13763	-21.417238	0.12	3
90.199615	-40.911972	0.32142857142857145	3
91.6759	-42.512436	0.38095238095238093	5
64.666145	-58.537712	0.25	5
98.467995	-27.530554	0.25	2
79.35288	-15.935376	0.42105263157894735	5
77.77124	-33.257057	0.2857142857142857	2
66.54188	-24.129435	0.4411764705882353	3
85.91241	-16.623777	0.23333333333333334	3
76.78378	-32.317318	0.5333333333333333	4
92.31854	-9.646108	0.25806451612903225	3
82.14972	-39.3748	0.34146341463414637	4
72.40267	-58.28505	0.2903225806451613	5
89.82454	-32.13943	0.07407407407407407	5
91.966515	-13.3502655	0.2916666666666667	5
61.36261	-55.700897	0.37037037037037035	4
62.905243	-18.393114	0.4117647058823529	3
78.8439	-43.416847	0.24444444444444444	3
93.55779	-38.877068	0.3125	3
88.55884	-22.982986	0.25925925925925924	2
95.33886	-19.11934	0.3125	1
84.781845	-17.137682	0.4444444444444444	2
75.35356	-25.733664	0.2553191489361702	5
70.212	-201.84305	0.2727272727272727	5
74.247215	-51.711945	0.23684210526315788	3
81.54377	-35.217808	0.2894736842105263	3
90.88527	-15.8056965	0.16666666666666666	2
99.786606	-31.330965	0.42105263157894735	3
88.51998	-19.21749	0.25	3
67.72784	-36.906784	0.25	4
73.11123	-35.091415	0.3333333333333333	4
88.770294	-43.429897	0.2692307692307692	2
98.99324	-13.234892	0.19047619047619047	4
84.19173	-27.711306	0.2413793103448276	3
80.74036	-23.193937	0.3333333333333333	2
85.786194	-25.50895	0.39473684210526316	3
96.57533	-20.335423	0.3023255813953488	3
82.64417	-75.04033	0.3968253968253968	4
90.926285	-14.061841	0.2872340425531915	1
72.27486	-26.74548	0.40476190476190477	3
78.45236	-40.72496	0.23404255319148937	5
75.62017	-81.17969	0.2727272727272727	4
83.59051	-54.12943	0.17391304347826086	2
94.19765	-26.067272	0.2916666666666667	3
79.00023	-53.55598	0.18181818181818182	3
84.06499	-19.86573	0.28	3
73.48209	-46.356197	0.16666666666666666	4
86.73191	-42.433662	0.3181818181818182	5
79.09002	-34.13131	0.4166666666666667	2
87.73866	-54.884327	0.3333333333333333	3
76.59008	-30.34591	0.34782608695652173	1
92.78717	-16.407316	0.3333333333333333	2
92.375496	-18.610758	0.3333333333333333	1
68.28435	-66.18786	0.28	1
81.52635	-22.953962	0.21428571428571427	3
79.84684	-18.537037	0.3333333333333333	3
54.972076	-43.350826	0.16	5
87.84073	-25.69727	0.3793103448275862	3
82.44444	-35.58215	0.36	2
83.02476	-37.31711	0.41935483870967744	3
83.728294	-25.645182	0.30434782608695654	3
87.630035	-34.75807	0.23529411764705882	5
75.43188	-37.33952	0.23333333333333334	5
47.57352	-54.49636	0.30434782608695654	5
98.44746	-16.313784	0.23076923076923078	3
68.40712	-67.72138	0.24	2
91.17438	-14.8282995	0.2857142857142857	3
80.44613	-29.137907	0.28	2
65.508736	-24.361584	0.34444444444444444	4
80.50864	-10.191449	0.16666666666666666	3
94.314285	-40.918842	0.35135135135135137	5
99.80908	-18.88547	0.2727272727272727	1
87.588684	-39.44189	0.35443037974683544	4
81.75265	-38.37041	0.3333333333333333	4
98.95221	-21.614386	0.4117647058823529	2
99.85657	-18.107588	0.2708333333333333	3
86.58372	-15.869471	0.3269230769230769	2
89.26478	-28.554895	0.3333333333333333	4
78.202515	-22.391743	0.2571428571428571	3
90.65621	-33.870583	0.4444444444444444	3
55.157497	-50.984818	0.3333333333333333	4
98.9942	-26.964529	0.2692307692307692	4
71.81632	-26.514414	0.4473684210526316	3
77.469635	-46.8166	0.3269230769230769	4
91.83892	-23.355433	0.4166666666666667	3
48.385605	-76.71253	0.1875	3
84.015816	-36.977093	0.21875	2
99.5539	-32.920902	0.3333333333333333	3
81.630775	-33.166588	0.32432432432432434	3
87.9612	-23.305801	0.24285714285714285	4
93.54248	-20.687235	0.25	3
75.483795	-28.81248	0.3333333333333333	5
83.94228	-31.376345	0.12	2
92.28715	-23.702354	0.38095238095238093	3
90.845024	-16.592394	0.20689655172413793	3
72.99303	-51.435062	0.35714285714285715	4
97.29976	-21.75429	0.35714285714285715	4
79.87476	-24.020802	0.3235294117647059	4
67.5109	-33.3441	0.1702127659574468	3
85.42303	-37.710766	0.4166666666666667	4
88.08176	-16.57764	0.2727272727272727	3
82.60834	-20.724716	0.3333333333333333	3
91.18177	-24.63722	0.29411764705882354	2
63.40667	-28.07195	0.2537313432835821	5
95.385216	-19.17142	0.34615384615384615	3
78.77135	-57.08498	0.3333333333333333	3
88.25822	-27.167253	0.3448275862068966	3
40.40022	-64.660194	0.5333333333333333	2
81.64412	-21.956232	0.21739130434782608	2
94.372665	-19.01851	0.2558139534883721	3
70.998085	-49.62586	0.2549019607843137	3
85.574036	-20.219488	0.35	5
72.22884	-27.792206	0.2916666666666667	3
74.88124	-134.79971	0.2972972972972973	5
91.76879	-15.398811	0.2962962962962963	2
84.854416	-46.931858	0.3050847457627119	4
99.836494	-16.963469	0.25	3
90.033	-36.87286	0.3103448275862069	3
83.03969	-45.76526	0.13333333333333333	2
84.83301	-16.54632	0.38461538461538464	2
82.65939	-35.247627	0.17391304347826086	3
91.74528	-17.002802	0.48	2
74.70019	-22.39903	0.2222222222222222	3
70.631996	-26.211958	0.30952380952380953	5
47.69784	-37.253616	0.2	1
86.16	-18.590645	0.3333333333333333	3
99.58179	-30.554335	0.3333333333333333	5
70.92836	-92.153885	0.4090909090909091	3
87.1972	-53.589558	0.3541666666666667	4
92.18099	-17.285463	0.2692307692307692	3
86.37314	-24.86729	0.24324324324324326	3
86.455505	-13.074516	0.16	3
72.772705	-40.78135	0.39473684210526316	4
74.00598	-57.586006	0.4444444444444444	3
81.74904	-23.397806	0.2857142857142857	3
90.1975	-15.9792185	0.2903225806451613	3
87.185234	-16.417635	0.3225806451612903	3
87.235695	-29.656593	0.2222222222222222	3
91.126396	-26.194555	0.18181818181818182	2
85.10309	-26.456396	0.38095238095238093	3
89.983246	-23.525074	0.3181818181818182	3
94.614555	-16.503208	0.20833333333333334	2
82.02259	-26.356068	0.4222222222222222	3
94.52309	-31.636587	0.3448275862068966	3
99.18923	-13.617152	0.2857142857142857	1
65.02346	-51.241768	0.3888888888888889	4
95.63974	-31.31031	0.15	3
69.661896	-45.92932	0.36363636363636365	3
75.771484	-11.908178	0.25	2
88.19879	-35.01155	0.2978723404255319	5
74.153145	-25.771217	0.22033898305084745	4
80.38979	-30.83348	0.23728813559322035	3
92.582954	-18.132538	0.3	1
75.63055	-56.79257	0.3870967741935484	5
82.37872	-27.538044	0.2542372881355932	3
85.79187	-34.334797	0.20408163265306123	5
88.91984	-23.3193	0.36666666666666664	3
76.25857	-22.507296	0.23809523809523808	3
85.9812	-25.370167	0.2222222222222222	5
79.07644	-31.811928	0.16071428571428573	4
82.73248	-25.15617	0.30434782608695654	3
93.34406	-6.783435	0.16666666666666666	2
88.801674	-37.67211	0.3076923076923077	4
86.75696	-28.189667	0.26666666666666666	2
82.282814	-45.34038	0.20512820512820512	3
66.59409	-57.945183	0.39622641509433965	4
62.623085	-47.853214	0.25925925925925924	3
76.89706	-24.502241	0.2903225806451613	3
76.252144	-33.234505	0.14814814814814814	2
64.05497	-30.495754	0.4666666666666667	5
92.317986	-19.953382	0.28125	5
74.01765	-23.736591	0.22580645161290322	4
69.88173	-43.10962	0.38095238095238093	3
76.92279	-27.392807	0.35714285714285715	5
72.45464	-38.806168	0.3333333333333333	4
58.863426	-60.288383	0.3888888888888889	5
98.414795	-17.052433	0.2	4
81.41882	-33.360283	0.4090909090909091	5
81.668625	-45.25334	0.2727272727272727	2
87.429245	-24.231804	0.3076923076923077	3
76.20928	-42.807938	0.3559322033898305	3
81.68007	-17.287436	0.21428571428571427	1
71.20754	-60.90508	0.3235294117647059	3
79.71556	-18.092756	0.17647058823529413	3
93.25017	-23.967619	0.28	4
92.50553	-24.307358	0.2608695652173913	2
95.112175	-22.194632	0.3181818181818182	2
85.74833	-23.31725	0.3888888888888889	4
97.935135	-17.30493	0.391304347826087	3
92.244835	-21.726519	0.37209302325581395	3
89.6119	-17.587055	0.24242424242424243	3
90.86601	-28.207253	0.35294117647058826	2
93.09543	-36.301037	0.21052631578947367	4
89.99718	-33.264557	0.2549019607843137	3
77.52833	-74.02465	0.2777777777777778	2
83.50325	-32.69106	0.29411764705882354	3
84.55738	-24.583002	0.2727272727272727	3
83.11906	-52.73408	0.358974358974359	3
82.67699	-29.05827	0.4666666666666667	3
98.76693	-17.073301	0.24444444444444444	3
90.24007	-27.674051	0.4186046511627907	4
84.480484	-55.03104	0.3488372093023256	5
98.20753	-14.133238	0.4482758620689655	3
69.66633	-31.364126	0.19047619047619047	4
75.10464	-46.70336	0.4418604651162791	5
88.26746	-34.817936	0.25	3
87.17703	-16.644012	0.3090909090909091	3
90.66584	-14.998758	0.14285714285714285	3
93.96261	-23.120146	0.3076923076923077	3
55.609974	-39.453094	0.3902439024390244	5
76.869255	-29.309786	0.3125	3
81.613014	-36.84141	0.3157894736842105	3
79.872795	-21.793947	0.3125	3
84.63477	-56.10468	0.17857142857142858	3
69.43881	-57.0756	0.17647058823529413	2
93.55827	-24.022554	0.1875	1
89.89441	-15.775843	0.30303030303030304	2
91.929146	-26.060596	0.3050847457627119	5
78.5132	-15.905532	0.34615384615384615	4
93.02442	-41.27197	0.25	3
93.78967	-28.379368	0.3181818181818182	3
81.48644	-21.507904	0.28888888888888886	3
78.86359	-71.0541	0.2903225806451613	5
68.931274	-18.098827	0.2127659574468085	1
87.74026	-25.670202	0.35294117647058826	4
75.15471	-28.855343	0.22580645161290322	5
66.839645	-78.31676	0.27450980392156865	3
79.42509	-35.02075	0.25	4
93.68981	-12.676648	0.2727272727272727	3
97.03028	-20.11067	0.29411764705882354	4
80.257416	-33.78288	0.35714285714285715	4
82.086044	-27.516464	0.30952380952380953	2
66.92845	-62.399864	0.3333333333333333	4
79.110916	-19.748442	0.4523809523809524	3
80.37315	-36.573982	0.2894736842105263	5
66.74848	-27.510609	0.32926829268292684	5
85.6423	-30.843756	0.13636363636363635	1
81.60694	-27.325586	0.2978723404255319	4
28.688328	-119.45503	0.2	2
74.546074	-19.200203	0.23809523809523808	5
87.162384	-15.443309	0.4067796610169492	2
89.563644	-22.196482	0.2727272727272727	3
91.71599	-25.366343	0.27906976744186046	5
58.139725	-63.300243	0.3870967741935484	4
61.235916	-60.489597	0.44	4
94.935776	-8.698851	0.2857142857142857	2
73.18005	-63.909813	0.41379310344827586	5
95.901276	-18.247032	0.3103448275862069	4
82.14628	-23.588755	0.3	2
85.98061	-27.315863	0.2972972972972973	2
84.46364	-48.486813	0.36	3
70.494736	-15.375518	0.2857142857142857	5
73.1154	-59.370483	0.4838709677419355	3
70.82353	-22.929943	0.09523809523809523	3
87.08655	-30.400928	0.18181818181818182	2
82.98855	-23.218147	0.3111111111111111	3
89.20213	-38.82216	0.3695652173913043	2
91.188705	-31.087952	0.2777777777777778	3
90.53807	-26.168427	0.2916666666666667	3
78.36328	-24.863607	0.26666666666666666	3
85.103966	-23.039076	0.4838709677419355	3
91.082466	-41.9333	0.3076923076923077	4
94.231514	-22.498896	0.2911392405063291	3
81.270966	-19.910234	0.2962962962962963	3
77.535416	-27.363688	0.25	2
77.07458	-27.48246	0.3235294117647059	4
76.520515	-58.77734	0.2553191489361702	3
87.711494	-16.086967	0.17857142857142858	3
59.58821	-35.79917	0.2222222222222222	4
90.261856	-18.836636	0.40625	3
83.267876	-9.247069	0.4117647058823529	3
97.03653	-15.103564	0.43333333333333335	2
88.10956	-24.536993	0.37037037037037035	3
77.69778	-19.590872	0.09523809523809523	3
93.95428	-13.01158	0.25806451612903225	2
99.40626	-24.64386	0.46153846153846156	3
60.108253	-26.246712	0.29411764705882354	4
99.63844	-8.37408	0.3235294117647059	5
51.171177	-36.607784	0.4393939393939394	5
66.63453	-33.474464	0.3815789473684211	3
95.87402	-24.575628	0.34	2
95.61609	-19.926697	0.37142857142857144	2
78.06367	-31.690947	0.32142857142857145	5
94.11149	-15.164346	0.3225806451612903	3
85.38322	-43.286266	0.28205128205128205	5
88.34694	-23.32468	0.2631578947368421	3
79.60505	-20.344894	0.288135593220339	3
73.134895	-25.07724	0.3389830508474576	3
68.16824	-44.779522	0.32432432432432434	4
82.30514	-28.127851	0.3333333333333333	2
85.80506	-26.111967	0.4444444444444444	4
82.82596	-20.589516	0.38235294117647056	2
78.24949	-49.525158	0.2916666666666667	3
92.525826	-17.22225	0.18421052631578946	2
83.269066	-28.731579	0.32608695652173914	2
84.69552	-23.645943	0.30303030303030304	3
65.309204	-42.27309	0.2	5
88.59295	-22.096884	0.2962962962962963	4
99.45877	-23.178679	0.3939393939393939	3
77.38505	-32.864334	0.29411764705882354	3
84.093834	-18.168573	0.29411764705882354	2
73.439095	-53.4499	0.37777777777777777	4
83.322655	-44.92261	0.34210526315789475	4
88.340454	-30.506048	0.4782608695652174	2
85.41216	-32.16326	0.2926829268292683	4
92.97559	-14.937683	0.3125	2
90.694115	-15.97984	0.14285714285714285	2
99.01245	-26.193508	0.23529411764705882	2
90.02074	-41.69791	0.25	3
98.79076	-16.705978	0.3684210526315789	3
97.536354	-29.42172	0.35714285714285715	2
95.37611	-25.386826	0.34615384615384615	3
69.86399	-53.883106	0.14285714285714285	3
99.90366	-33.073788	0.1875	3
89.602264	-30.583544	0.4	5
62.764122	-52.380905	0.3333333333333333	2
97.2143	-18.388754	0.3333333333333333	3
85.20598	-61.079422	0.26666666666666666	1
94.686455	-21.75471	0.45714285714285713	4
82.62838	-17.233421	0.38461538461538464	3
58.93301	-24.243664	0.2	3
62.46148	-27.60376	0.52	5
82.518005	-17.407839	0.27586206896551724	3
95.25703	-12.596637	0.2	2
98.69645	-44.1623	0.3548387096774194	3
64.9211	-83.7377	0.4	5
81.35703	-40.779064	0.28205128205128205	2
100.0	-88.662056	0.18181818181818182	5
79.68866	-18.011415	0.5416666666666666	4
77.05392	-43.559555	0.1724137931034483	2
90.26735	-41.96322	0.32	5
82.97007	-25.33809	0.17647058823529413	2
77.70912	-27.846907	0.390625	3
81.672485	-22.191816	0.21875	3
74.088524	-28.069447	0.22580645161290322	2
74.437614	-38.739998	0.2894736842105263	3
87.29928	-25.688557	0.22413793103448276	3
94.54224	-18.332224	0.2777777777777778	3
62.66689	-43.19515	0.36585365853658536	5
82.33869	-42.34334	0.3548387096774194	3
89.19196	-17.706995	0.4117647058823529	3
54.607433	-24.794456	0.26666666666666666	2
96.2157	-18.25817	0.3333333333333333	3
82.24982	-29.630877	0.34782608695652173	5
73.03317	-26.279366	0.2692307692307692	4
99.0646	-41.08176	0.15384615384615385	4
76.84022	-65.886246	0.0	4
86.32941	-22.362728	0.40476190476190477	2
83.53679	-19.890612	0.20454545454545456	3
78.497765	-32.705482	0.3076923076923077	3
77.55383	-22.838715	0.3	3
93.4396	-14.105388	0.2631578947368421	2
91.02996	-37.022305	0.3076923076923077	3
87.83753	-25.029203	0.2222222222222222	5
79.53432	-23.659847	0.21052631578947367	2
68.483894	-58.768127	0.35294117647058826	5
91.33233	-30.743305	0.29508196721311475	3
88.81098	-29.83514	0.26666666666666666	1
83.90479	-53.334415	0.3333333333333333	3
85.017975	-15.406672	0.38461538461538464	3
88.80891	-32.877132	0.3333333333333333	4
69.11397	-43.85201	0.41935483870967744	4
79.91088	-22.597069	0.21052631578947367	1
93.196884	-17.726175	0.35294117647058826	4
86.028946	-18.226921	0.375	1
65.60641	-45.178665	0.35714285714285715	5
95.891075	-18.566547	0.2702702702702703	1
85.64357	-46.8873	0.2608695652173913	3
75.60568	-15.259428	0.32	3
98.77108	-19.158361	0.5142857142857142	2
86.32844	-23.017443	0.3125	2
95.99959	-24.381351	0.42857142857142855	4
81.61542	-28.015842	0.30434782608695654	2
88.78456	-34.009636	0.30952380952380953	4
75.25409	-22.771833	0.23529411764705882	3
73.99511	-24.881077	0.25	3
77.54436	-25.542408	0.3333333333333333	3
81.496864	-60.872025	0.42592592592592593	4
74.521225	-67.091736	0.10526315789473684	2
71.69941	-43.753807	0.2619047619047619	5
99.745895	-16.68711	0.2894736842105263	2
88.25543	-21.214787	0.27586206896551724	3
79.198814	-77.65632	0.25	2
66.66557	-71.65032	0.2916666666666667	5
73.55724	-73.82357	0.2903225806451613	5
76.932335	-25.738277	0.25	4
94.92495	-19.962046	0.34146341463414637	4
89.61872	-23.809128	0.1111111111111111	3
66.973335	-63.12683	0.3333333333333333	2
84.64737	-47.820793	0.0	5
76.752754	-44.751747	0.2222222222222222	3
85.95969	-15.111155	0.28205128205128205	2
82.24093	-26.894363	0.25	4
73.01994	-37.44218	0.3	5
98.99816	-20.793055	0.2692307692307692	2
65.43013	-38.574135	0.2153846153846154	5
99.23865	-17.219263	0.11764705882352941	3
89.09811	-14.970252	0.34285714285714286	3
79.538574	-15.861073	0.3125	2
85.07594	-37.325436	0.28205128205128205	5
79.32345	-32.082664	0.23404255319148937	1
74.19461	-42.175335	0.28	3
82.76454	-25.359694	0.3125	3
75.99998	-84.33606	0.2608695652173913	5
74.70628	-20.285942	0.4090909090909091	4
74.398506	-61.11963	0.4523809523809524	4
84.44966	-26.822601	0.2619047619047619	3
73.16382	-71.15297	0.4146341463414634	5
88.9002	-10.827832	0.25	2
65.55891	-33.463158	0.13333333333333333	3
86.775566	-56.669296	0.25	4
99.28288	-31.381378	0.20833333333333334	2
79.22576	-17.09292	0.21739130434782608	3
99.823044	-32.266315	0.2857142857142857	4
65.553314	-30.6237	0.3466666666666667	4
84.29103	-26.553238	0.26666666666666666	3
75.70871	-73.552216	0.3111111111111111	5
97.019165	-22.110159	0.375	4
87.50146	-29.910269	0.2857142857142857	3
95.4363	-21.722002	0.4583333333333333	2
90.53559	-10.10076	0.2857142857142857	2
94.55134	-37.68984	0.40625	5
68.870316	-43.51492	0.2903225806451613	4
91.862755	-29.287024	0.19444444444444445	3
98.835915	-56.191906	0.30434782608695654	3
85.83728	-20.113407	0.4666666666666667	2
94.04274	-13.999767	0.3157894736842105	2
81.785	-34.0358	0.24489795918367346	3
98.54257	-18.824755	0.3684210526315789	3
86.23278	-26.495556	0.3958333333333333	3
87.896515	-33.348267	0.4634146341463415	3
99.29672	-20.635656	0.43478260869565216	4
65.97217	-186.52148	0.42857142857142855	5
82.74511	-53.897697	0.38461538461538464	4
79.23618	-45.31806	0.28888888888888886	3
85.8011	-73.741714	0.3157894736842105	4
88.658806	-34.15227	0.2	4
81.54051	-25.331991	0.3076923076923077	2
62.309364	-26.520693	0.23529411764705882	3
63.288357	-31.974281	0.4117647058823529	5
60.65148	-35.117954	0.3	5
73.95683	-44.25879	0.32142857142857145	4
42.184345	-83.19806	0.41935483870967744	3
80.10076	-17.445948	0.3235294117647059	3
64.82384	-44.932404	0.4375	5
78.843056	-19.711363	0.23529411764705882	1
88.394295	-27.715544	0.11764705882352941	3
81.44518	-38.198692	0.3333333333333333	2
91.548706	-37.010418	0.2571428571428571	3
75.08473	-17.744837	0.21428571428571427	2
99.71077	-16.564432	0.34782608695652173	3
90.13009	-22.581606	0.23529411764705882	3
87.06074	-21.146889	0.375	3
76.94199	-32.367878	0.3783783783783784	3
79.82388	-32.536686	0.38095238095238093	3
68.50067	-44.96125	0.3050847457627119	4
93.02635	-18.95211	0.25	2
94.09102	-26.915709	0.2857142857142857	3
98.31106	-31.46452	0.125	3
89.46252	-27.946228	0.27586206896551724	3
89.83213	-19.801092	0.30952380952380953	3
79.20272	-13.175843	0.24242424242424243	3
89.223114	-21.747126	0.20408163265306123	1
63.205532	-122.61737	0.2631578947368421	5
49.670605	-55.53341	0.2682926829268293	4
71.75865	-71.114845	0.39285714285714285	4
82.76942	-22.314344	0.3333333333333333	2
83.86596	-15.088163	0.29545454545454547	2
99.05533	-16.804028	0.28	5
87.727974	-55.32477	0.2647058823529412	3
98.267265	-21.393692	0.4	2
99.69127	-24.926788	0.35714285714285715	5
82.01598	-14.92402	0.30434782608695654	2
70.90392	-23.660812	0.34146341463414637	2
61.30031	-16.286465	0.323943661971831	5
90.030785	-22.438465	0.4090909090909091	5
78.08644	-50.507687	0.375	5
76.94273	-52.45612	0.41304347826086957	5
85.11561	-33.718437	0.24489795918367346	3
85.77963	-28.303288	0.42857142857142855	3
72.16733	-91.25652	0.25	4
99.302895	-28.028795	0.35	4
66.42496	-50.904636	0.4666666666666667	3
82.70167	-18.172346	0.2978723404255319	5
87.37361	-57.452984	0.43478260869565216	3
87.38797	-22.422626	0.36666666666666664	2
72.562675	-50.79633	0.3333333333333333	3
92.00648	-28.434519	0.34375	3
88.096436	-21.868425	0.125	3
83.41905	-20.759005	0.2	2
83.683556	-29.163036	0.2777777777777778	1
80.240585	-22.014824	0.3389830508474576	3
91.58245	-16.967016	0.13043478260869565	3
84.848366	-80.195435	0.4857142857142857	5
99.13475	-30.735382	0.35	3
98.32181	-17.423326	0.32	3
92.1344	-32.511433	0.45161290322580644	3
90.88379	-31.765251	0.2972972972972973	3
90.3291	-24.02399	0.2777777777777778	3
88.939316	-16.5368	0.21739130434782608	2
72.11853	-44.682617	0.3170731707317073	3
87.697	-30.424465	0.3023255813953488	3
87.128006	-24.031322	0.3541666666666667	3
87.395485	-6.501386	0.2222222222222222	5
68.011986	-33.518337	0.2727272727272727	3
99.4039	-23.499733	0.28125	4
88.70928	-30.614428	0.3076923076923077	2
81.5524	-39.395824	0.3235294117647059	3
97.85821	-39.06773	0.20833333333333334	2
84.46318	-25.188114	0.3488372093023256	5
98.816895	-14.297999	0.34615384615384615	3
91.49697	-27.030317	0.26666666666666666	4
89.063736	-49.51632	0.35	3
71.481636	-27.039577	0.2222222222222222	4
71.999084	-126.05408	0.2978723404255319	4
89.04499	-15.985283	0.25	3
52.78448	-93.03259	0.5	5
91.94409	-15.267165	0.2647058823529412	2
90.27649	-34.039326	0.30158730158730157	2
99.84715	-22.361286	0.3125	3
94.58489	-33.02523	0.35294117647058826	3
96.86984	-11.391673	0.23529411764705882	2
76.863686	-75.76283	0.058823529411764705	5
89.6737	-17.332376	0.3125	2
96.77428	-20.982409	0.2222222222222222	3
83.666916	-36.621876	0.3548387096774194	4
79.99988	-41.37153	0.3	3
91.71809	-28.527273	0.39285714285714285	3
85.49393	-38.771217	0.3191489361702128	4
74.921036	-31.172855	0.24242424242424243	2
93.321014	-21.762327	0.35714285714285715	2
71.68806	-39.99837	0.30303030303030304	2
79.22471	-44.094406	0.29411764705882354	5
86.22678	-50.66679	0.2413793103448276	3
75.429375	-64.75388	0.26	5
77.22747	-20.580889	0.3448275862068966	3
76.60179	-28.067848	0.2777777777777778	5
73.38606	-31.882711	0.2692307692307692	4
65.642006	-31.227001	0.3466666666666667	3
99.35331	-11.171509	0.375	1
84.63732	-40.958168	0.21739130434782608	3
76.91058	-69.873665	0.4117647058823529	3
54.966614	-48.22343	0.32653061224489793	5
91.2292	-11.895396	0.2631578947368421	3
76.09828	-23.093287	0.47619047619047616	5
87.00329	-21.127869	0.35	2
71.99943	-54.64576	0.375	5
92.67322	-29.022297	0.3333333333333333	3
92.86314	-35.928406	0.3142857142857143	3
76.38672	-61.139988	0.14285714285714285	4
96.44691	-18.765047	0.3333333333333333	2
92.00144	-21.612856	0.25	3
75.442825	-14.951916	0.058823529411764705	4
64.33885	-77.25656	0.2894736842105263	3
88.47888	-33.949093	0.26666666666666666	3
74.33235	-60.689404	0.37037037037037035	3
92.3117	-35.518673	0.23684210526315788	2
72.06908	-56.070312	0.3333333333333333	5
78.57805	-32.000553	0.3333333333333333	3
89.34704	-21.149994	0.2727272727272727	4
64.5914	-69.49798	0.2835820895522388	4
91.72116	-24.634766	0.2222222222222222	3
99.991905	-24.69379	0.23529411764705882	2
89.86694	-17.54731	0.2727272727272727	3
99.7729	-20.782032	0.4375	2
79.49256	-51.504307	0.2682926829268293	4
70.80983	-29.80792	0.24193548387096775	4
86.07345	-40.134697	0.42857142857142855	3
99.11082	-18.702253	0.21428571428571427	3
97.61212	-19.357897	0.1	2
87.4894	-21.8548	0.38181818181818183	3
93.43002	-17.93578	0.2682926829268293	4
58.598026	-29.180862	0.3404255319148936	5
68.9805	-31.463667	0.36666666666666664	4
87.38441	-25.663956	0.2692307692307692	5
76.95299	-42.093517	0.3170731707317073	3
90.95611	-16.977951	0.36	2
79.93172	-30.172606	0.3333333333333333	3
99.886696	-49.80683	0.3333333333333333	2
82.47946	-26.414343	0.09090909090909091	2
80.90596	-34.87792	0.1875	3
78.61976	-54.588867	0.2727272727272727	3
76.06378	-23.390558	0.15384615384615385	2
81.64566	-29.409376	0.3548387096774194	3
85.855415	-27.3433	0.24324324324324326	3
59.87036	-49.30784	0.40540540540540543	3
83.182434	-40.52363	0.09090909090909091	1
65.31416	-25.028254	0.6153846153846154	5
73.10166	-35.34303	0.3541666666666667	2
75.701904	-19.199492	0.3466666666666667	1
93.03436	-16.944305	0.3770491803278688	3
88.93281	-27.04639	0.4523809523809524	2
98.64236	-11.497722	0.25	1
99.41619	-20.008772	0.2916666666666667	2
83.994965	-16.048374	0.30434782608695654	2
66.634476	-17.358923	0.40384615384615385	5
84.138336	-30.923977	0.3333333333333333	3
73.84163	-116.5864	0.4117647058823529	4
83.91826	-27.183142	0.3333333333333333	3
65.3196	-42.361572	0.36538461538461536	5
90.500145	-13.075792	0.24074074074074073	3
93.109505	-20.068707	0.32	3
92.672516	-15.110821	0.3225806451612903	2
95.02737	-19.432755	0.37142857142857144	3
99.32579	-12.719906	0.2222222222222222	3
91.21745	-26.591818	0.2222222222222222	2
66.833664	-30.90612	0.38235294117647056	5
89.137726	-15.161028	0.26666666666666666	3
84.93675	-21.216177	0.24444444444444444	4
97.31954	-63.025436	0.3076923076923077	3
86.303505	-30.390059	0.3620689655172414	4
89.13899	-25.668753	0.3	4
75.07899	-33.71093	0.25925925925925924	5
81.302605	-20.495337	0.27586206896551724	3
82.82386	-31.299465	0.3148148148148148	3
87.41736	-20.500765	0.2608695652173913	1
97.57852	-31.735464	0.2727272727272727	1
84.32804	-17.177605	0.3333333333333333	1
82.855995	-29.121237	0.43333333333333335	3
84.89034	-26.519611	0.3023255813953488	3
91.24631	-25.046303	0.14285714285714285	3
47.73689	-22.752653	0.15151515151515152	5
73.54869	-19.521389	0.2564102564102564	5
99.887115	-24.324026	0.13333333333333333	2
91.67217	-40.023254	0.3125	2
85.19264	-13.971928	0.38235294117647056	2
86.59784	-11.351994	0.39285714285714285	2
90.01804	-25.334135	0.28	3
75.512924	-63.253872	0.37777777777777777	5
99.184166	-18.018755	0.3888888888888889	2
85.43096	-34.197845	0.26666666666666666	3
88.66414	-17.108482	0.3548387096774194	2
70.37209	-92.11023	0.375	3
78.08624	-37.218143	0.3333333333333333	2
90.897644	-19.32771	0.23333333333333334	2
71.76496	-35.14054	0.4375	5
91.286835	-21.556503	0.3235294117647059	3
85.723274	-48.37238	0.3103448275862069	4
99.34886	-21.800127	0.4666666666666667	2
58.616505	-48.76653	0.2647058823529412	4
81.08697	-26.680872	0.3333333333333333	4
88.355064	-21.337337	0.3333333333333333	3
99.946495	-64.22477	0.4	2
76.83094	-25.314304	0.4444444444444444	4
72.84179	-47.952656	0.358974358974359	3
68.53593	-30.421452	0.15789473684210525	1
90.02431	-45.393574	0.32142857142857145	5
94.48725	-20.946053	0.21951219512195122	2
80.527336	-27.870232	0.3888888888888889	2
86.81927	-27.203638	0.4878048780487805	5
44.32395	-82.61784	0.37254901960784315	3
89.30633	-31.993834	0.3275862068965517	5
79.5932	-28.561575	0.36507936507936506	2
81.70949	-40.52694	0.17857142857142858	4
68.78173	-59.358852	0.16666666666666666	2
81.270775	-48.155926	0.3541666666666667	3
73.99336	-49.710545	0.43333333333333335	5
81.26574	-12.552984	0.21739130434782608	3
79.685486	-18.232464	0.3157894736842105	2
84.55835	-21.810581	0.3287671232876712	1
99.35515	-23.224571	0.3333333333333333	3
91.09748	-22.87606	0.23684210526315788	4
67.25634	-28.084497	0.7058823529411765	5
43.50278	-14.888297	0.3076923076923077	5
80.43884	-33.091015	0.28888888888888886	3
88.16865	-22.996851	0.36585365853658536	3
69.96986	-80.491234	0.3541666666666667	5
89.42059	-20.197754	0.2711864406779661	3
80.297226	-34.585255	0.3023255813953488	1
65.632	-84.13128	0.19047619047619047	5
87.51282	-36.455105	0.3142857142857143	3
76.71061	-51.52212	0.3448275862068966	4
71.263596	-37.00389	0.3114754098360656	4
86.2395	-31.75078	0.3448275862068966	5
99.140854	-32.652565	0.28205128205128205	3
79.680405	-31.447071	0.2619047619047619	4
90.45569	-20.984474	0.30434782608695654	1
99.00722	-19.357014	0.1111111111111111	2
87.32921	-27.192694	0.3181818181818182	4
96.17043	-28.193712	0.25	2
85.5539	-30.242792	0.3888888888888889	2
88.047455	-47.316605	0.28125	3
93.64023	-28.814293	0.23255813953488372	5
84.41274	-20.811197	0.2727272727272727	3
89.14932	-25.070028	0.2	3
68.25091	-28.988176	0.5384615384615384	5
88.397	-23.93398	0.3611111111111111	2
90.01917	-18.637985	0.373134328358209	3
62.942383	-43.516914	0.2619047619047619	4
85.461266	-33.417706	0.3103448275862069	5
84.19875	-25.065231	0.203125	3
88.510345	-16.358519	0.3870967741935484	1
94.015594	-13.62058	0.29411764705882354	2
84.97825	-34.186855	0.25925925925925924	2
73.21937	-28.804108	0.1111111111111111	2
78.40116	-35.809044	0.2857142857142857	4
65.72439	-34.282738	0.41935483870967744	2
85.556465	-29.929575	0.27586206896551724	3
99.91051	-25.2375	0.38461538461538464	4
57.09423	-26.45912	0.2222222222222222	3
88.89199	-19.82096	0.24	3
94.76792	-31.141554	0.030303030303030304	4
65.0876	-113.47844	0.32	3
77.29834	-23.245022	0.36666666666666664	3
61.3083	-93.44003	0.5217391304347826	4
69.092476	-23.309353	0.2553191489361702	4
73.95847	-21.474901	0.24444444444444444	4
83.64934	-22.007809	0.2558139534883721	5
91.34521	-6.7294145	0.25	3
75.36797	-34.969498	0.38095238095238093	2
47.961258	-8.580269	0.23809523809523808	5
86.31891	-39.598087	0.19642857142857142	3
71.51994	-21.227816	0.2222222222222222	3
96.39952	-14.485053	0.3103448275862069	3
81.446075	-32.043667	0.28888888888888886	3
84.23074	-44.06442	0.21739130434782608	2
60.63223	-66.95229	0.3333333333333333	5
90.074486	-26.736717	0.35294117647058826	2
66.96819	-47.999527	0.16216216216216217	3
84.4	-31.486383	0.41935483870967744	3
84.59161	-18.14777	0.20588235294117646	3
86.76282	-54.898743	0.34615384615384615	3
62.23109	-76.27378	0.2647058823529412	4
97.42488	-19.134789	0.38461538461538464	3
93.3035	-37.86699	0.25	4
69.36803	-70.77164	0.4117647058823529	5
91.398926	-33.420166	0.28205128205128205	2
42.310066	-107.35802	0.28	4
87.923645	-37.88357	0.3392857142857143	3
87.11549	-66.286156	0.16666666666666666	2
84.323166	-19.675005	0.09523809523809523	3
84.65181	-43.65098	0.36666666666666664	3
75.06885	-28.450066	0.27586206896551724	2
67.20515	-21.683413	0.358974358974359	4
63.999836	-48.673405	0.2222222222222222	5
80.12986	-16.684399	0.2	3
76.81814	-15.67742	0.23333333333333334	2
88.55705	-15.673469	0.32432432432432434	3
79.81897	-53.112568	0.34146341463414637	4
71.04209	-91.024734	0.3380281690140845	4
64.39518	-51.925716	0.21052631578947367	5
80.50655	-24.345957	0.4444444444444444	2
72.781204	-19.362957	0.28125	3
82.542404	-30.447086	0.3125	3
93.02988	-9.778089	0.42105263157894735	3
94.595535	-20.581463	0.5714285714285714	2
71.81629	-41.864895	0.2571428571428571	3
93.996315	-15.362932	0.34146341463414637	3
88.81511	-23.550957	0.2708333333333333	2
83.36016	-19.377632	0.3	3
98.913864	-16.0542	0.4	3
70.37021	-40.221596	0.36065573770491804	5
92.17781	-12.522932	0.2222222222222222	2
75.92266	-71.22849	0.3076923076923077	5
52.11671	-54.269283	0.2857142857142857	2
98.94387	-28.472055	0.07142857142857142	5
80.81837	-47.26307	0.47368421052631576	4
81.01784	-25.541573	0.4222222222222222	3
81.940285	-83.6681	0.2916666666666667	5
99.402695	-23.13442	0.41935483870967744	2
82.54104	-13.59993	0.2222222222222222	1
83.570816	-33.41962	0.3548387096774194	3
86.94017	-25.421661	0.3333333333333333	3
63.030273	-92.598366	0.14814814814814814	4
98.089584	-9.605587	0.21052631578947367	3
98.315094	-21.93943	0.15384615384615385	1
67.15084	-39.30861	0.23076923076923078	3
86.398	-28.900187	0.2631578947368421	4
86.29388	-27.50982	0.3472222222222222	3
98.62603	-16.426804	0.1875	4
93.19073	-26.338146	0.44	1
87.500786	-45.551624	0.3333333333333333	4
83.26761	-25.965963	0.48	3
89.31076	-13.962305	0.36666666666666664	3
88.87414	-49.36345	0.2608695652173913	3
66.72136	-74.18366	0.2222222222222222	1
57.911907	-22.077656	0.32	5
90.74968	-24.628845	0.40625	2
84.65014	-16.731655	0.19047619047619047	3
70.18774	-52.724335	0.21739130434782608	4
88.08168	-18.885506	0.17647058823529413	2
94.41506	-21.993553	0.375	4
77.176926	-35.97886	0.35294117647058826	4
86.151184	-29.591425	0.36538461538461536	4
98.05219	-26.718576	0.19047619047619047	2
81.21991	-31.580359	0.2916666666666667	3
42.348778	-123.56264	0.2553191489361702	2
93.81008	-33.792065	0.3	2
58.495125	-24.779325	0.3076923076923077	3
96.371284	-20.197182	0.3076923076923077	2
84.88598	-20.8001	0.43478260869565216	2
88.817726	-66.29425	0.34375	5
72.55635	-45.48209	0.30434782608695654	5
87.08271	-31.070534	0.22580645161290322	3
80.152855	-10.541786	0.46153846153846156	5
91.55868	-17.035528	0.3870967741935484	3
72.83762	-55.8463	0.28205128205128205	3
88.63943	-43.49683	0.2647058823529412	2
69.66908	-53.28771	0.16666666666666666	3
90.13609	-50.361683	0.16666666666666666	4
93.59562	-9.240756	0.19047619047619047	3
86.99265	-36.9874	0.25	3
65.16498	-70.70574	0.23529411764705882	3
66.368515	-100.03934	0.3125	5
77.07627	-14.731158	0.2857142857142857	2
96.18897	-30.858974	0.21951219512195122	5
71.27237	-31.46348	0.22972972972972974	3
85.249016	-23.387321	0.25	5
83.46524	-12.74407	0.2708333333333333	3
90.117256	-12.848139	0.25	3
94.42719	-16.903416	0.38095238095238093	2
81.18544	-88.39435	0.34545454545454546	3
68.3679	-35.20872	0.39473684210526316	5
78.941666	-47.44581	0.30303030303030304	3
83.20168	-26.230688	0.3972602739726027	5
76.74984	-20.020206	0.36363636363636365	3
87.60797	-17.200354	0.2	4
72.6956	-62.19729	0.2978723404255319	5
93.412895	-11.278837	0.31746031746031744	3
85.113655	-48.82662	0.44	5
88.95304	-21.746899	0.37777777777777777	2
90.03801	-35.902744	0.28205128205128205	3
99.91532	-22.268164	0.3684210526315789	3
69.86057	-34.370968	0.2916666666666667	3
83.47232	-32.486374	0.4473684210526316	5
87.55529	-17.75143	0.23076923076923078	2
84.59372	-33.01857	0.41304347826086957	2
88.47512	-41.46718	0.23076923076923078	2
73.194176	-43.670597	0.2765957446808511	5
58.46245	-59.992596	0.38235294117647056	4
77.49899	-48.10563	0.5	4
84.75799	-11.179809	0.16666666666666666	4
84.29309	-38.358055	0.4473684210526316	2
78.252785	-18.500935	0.2222222222222222	3
73.452896	-35.57886	0.39622641509433965	4
84.70188	-28.195263	0.3404255319148936	4
90.603745	-19.571169	0.3404255319148936	2
90.95691	-26.25629	0.21739130434782608	4
33.4949	-30.520384	0.3333333333333333	4
90.010956	-23.23822	0.36585365853658536	3
92.58678	-26.697643	0.3333333333333333	3
93.30801	-24.918674	0.2571428571428571	2
93.36134	-19.009836	0.2857142857142857	3
75.41695	-37.854465	0.4230769230769231	5
90.97964	-11.870866	0.30952380952380953	2
88.90096	-31.119486	0.23404255319148937	5
76.44249	-25.845398	0.3076923076923077	3
96.10883	-13.409568	0.25925925925925924	3
76.893	-34.664722	0.16	3
88.0731	-42.234116	0.38461538461538464	2
94.399254	-19.36034	0.3333333333333333	3
92.20522	-34.219345	0.23255813953488372	3
79.37967	-21.076164	0.3191489361702128	4
94.39016	-76.096596	0.15625	3
89.575325	-13.975003	0.225	3
63.745583	-31.331415	0.18181818181818182	2
77.11718	-40.492878	0.19444444444444445	3
79.13102	-24.95421	0.2	2
77.667625	-33.84212	0.2545454545454545	2
77.943405	-14.230214	0.1111111111111111	4
50.65407	-29.37078	0.3617021276595745	5
67.73519	-20.416107	0.27419354838709675	5
83.383896	-79.092804	0.38235294117647056	5
62.313786	-23.46883	0.35294117647058826	5
89.60263	-43.693684	0.36666666666666664	3
85.56622	-20.942553	0.3111111111111111	3
81.88623	-30.71368	0.23529411764705882	3
77.17471	-50.81148	0.3181818181818182	3
83.91042	-23.733194	0.32142857142857145	3
93.851685	-26.269377	0.29411764705882354	3
88.07543	-46.30653	0.39473684210526316	3
78.15581	-89.83409	0.24	5
90.437904	-23.122805	0.30612244897959184	4
79.95724	-49.535145	0.29411764705882354	5
73.99909	-38.050026	0.37142857142857144	3
77.478264	-23.46018	0.21621621621621623	2
79.91717	-93.0897	0.375	5
85.616165	-29.028004	0.32608695652173914	3
98.68286	-29.297657	0.23529411764705882	3
74.06448	-43.148052	0.21052631578947367	2
89.30882	-30.634565	0.34782608695652173	3
88.51134	-22.601765	0.30952380952380953	3
90.762115	-31.207802	0.40384615384615385	2
78.01434	-23.726866	0.2962962962962963	2
83.80155	-20.69689	0.3488372093023256	3
90.194336	-24.009594	0.4	3
93.439384	-22.822573	0.3191489361702128	3
84.62108	-27.10537	0.35	3
87.96953	-76.26878	0.10526315789473684	3
84.46857	-48.15535	0.4	2
86.64506	-28.696035	0.375	3
95.247444	-26.682163	0.24324324324324326	3
92.06593	-30.578442	0.17647058823529413	5
88.388245	-26.85574	0.234375	3
88.27089	-41.709072	0.25	5
95.70032	-23.635733	0.2857142857142857	3
81.03878	-32.658764	0.20833333333333334	3
80.23455	-41.93494	0.21568627450980393	3
81.601265	-49.61038	0.40476190476190477	3
83.80931	-44.053688	0.25806451612903225	2
60.097748	-65.02134	0.2916666666666667	5
74.90931	-21.45599	0.30952380952380953	3
86.8069	-11.782302	0.3076923076923077	2
63.92305	-55.307064	0.43636363636363634	2
88.23092	-26.211966	0.37209302325581395	2
83.84456	-40.719997	0.3	3
94.750755	-25.517748	0.24	3
77.35088	-15.841297	0.11764705882352941	2
87.20765	-28.170868	0.40476190476190477	3
75.77681	-31.550577	0.13043478260869565	3
73.913536	-37.91902	0.4186046511627907	4
85.62089	-19.737358	0.28888888888888886	4
85.08872	-41.479477	0.24242424242424243	4
78.20346	-29.47083	0.3389830508474576	3
72.38334	-39.205223	0.3684210526315789	3
76.21525	-46.296505	0.3548387096774194	3
91.17576	-25.842667	0.2878787878787879	5
69.545	-22.581724	0.2962962962962963	3
76.593666	-49.35326	0.24	3
70.95747	-41.768276	0.125	2
81.58376	-62.375927	0.1935483870967742	4
98.45373	-25.810251	0.3076923076923077	4
89.59028	-70.373116	0.42	5
77.77223	-36.295437	0.29411764705882354	3
94.34347	-14.157598	0.2608695652173913	2
90.41621	-26.291998	0.2127659574468085	4
82.249084	-18.833776	0.4090909090909091	2
83.98391	-21.708416	0.2857142857142857	3
85.103004	-50.773884	0.3103448275862069	3
56.136364	-21.866148	0.5333333333333333	1
89.5712	-15.25855	0.32432432432432434	3
87.631	-29.38467	0.20454545454545456	3
66.40912	-45.510105	0.3	5
70.41057	-25.355593	0.2916666666666667	5
93.04735	-19.72542	0.1935483870967742	1
88.10198	-31.732939	0.375	2
90.05209	-19.427326	0.3076923076923077	3
70.81727	-60.819073	0.26666666666666666	3
80.74594	-23.04999	0.39285714285714285	3
89.68169	-23.326258	0.23529411764705882	3
89.90476	-39.64622	0.25925925925925924	3
66.913895	-32.429592	0.2857142857142857	1
86.66215	-19.921318	0.47058823529411764	2
58.540215	-21.44453	0.35714285714285715	3
86.74345	-16.884544	0.3125	3
89.1614	-35.469997	0.23076923076923078	3
92.09802	-32.786034	0.2857142857142857	2
87.990616	-19.35769	0.21621621621621623	1
93.61349	-31.475563	0.23076923076923078	3
95.878586	-15.924712	0.36666666666666664	3
94.0871	-37.140053	0.28888888888888886	3
90.38716	-23.252436	0.25	3
76.47695	-54.66457	0.17857142857142858	5
84.398865	-36.053947	0.40476190476190477	1
71.99564	-25.556147	0.11764705882352941	1
90.00524	-15.650764	0.4444444444444444	2
84.5223	-20.02195	0.14814814814814814	1
78.95041	-29.005743	0.2972972972972973	1
84.48583	-28.24897	0.3225806451612903	3
87.18114	-35.349567	0.2857142857142857	2
80.697914	-36.627224	0.14285714285714285	3
83.38394	-18.40826	0.1320754716981132	3
91.07135	-50.277622	0.4642857142857143	3
94.12771	-34.378983	0.2222222222222222	3
64.55097	-42.27952	0.1111111111111111	2
85.343155	-20.649715	0.30952380952380953	2
93.58449	-19.649864	0.3103448275862069	2
77.914314	-43.316814	0.1568627450980392	4
58.241158	-25.095306	0.22727272727272727	5
75.39284	-25.081541	0.25	4
87.02643	-16.613445	0.2708333333333333	2
79.60628	-35.883152	0.375	2
73.2213	-26.544083	0.29411764705882354	3
59.87857	-84.06691	0.30952380952380953	5
86.73099	-22.731548	0.40476190476190477	2
88.33416	-15.859718	0.21212121212121213	3
87.303894	-52.346333	0.4	3
84.38885	-44.729298	0.3541666666666667	3
72.39583	-51.60923	0.16	3
77.25738	-24.210705	0.36363636363636365	4
89.512634	-46.59186	0.34146341463414637	3
86.3705	-36.041313	0.3541666666666667	5
90.79911	-35.16862	0.42857142857142855	3
62.518143	-39.73591	0.3157894736842105	4
67.152626	-93.109566	0.4523809523809524	4
94.9509	-14.073506	0.2631578947368421	2
99.26299	-24.252066	0.26666666666666666	2
45.740395	-14.543906	0.43902439024390244	5
87.1719	-14.567907	0.36585365853658536	3
87.96679	-30.565905	0.3170731707317073	5
83.984024	-26.84019	0.16	5
72.58667	-37.548275	0.2631578947368421	5
76.21651	-33.794785	0.125	3
75.608025	-34.20162	0.375	3
98.449234	-4.1322126	0.3	3
82.59606	-44.75234	0.2692307692307692	5
75.77951	-44.164524	0.3076923076923077	5
89.09958	-28.003511	0.34615384615384615	4
89.69023	-23.118193	0.37209302325581395	2
79.72526	-42.49575	0.2857142857142857	4
35.720024	-8.990591	0.23529411764705882	5
84.8045	-51.76619	0.23076923076923078	3
74.833954	-46.64444	0.3	5
81.589035	-35.17564	0.23076923076923078	4
89.32354	-15.950357	0.3333333333333333	2
75.107994	-39.42566	0.17391304347826086	4
98.7866	-14.207779	0.42857142857142855	4
67.311264	-31.664707	0.2727272727272727	4
74.23669	-37.762047	0.3673469387755102	3
94.00045	-30.09748	0.391304347826087	3
90.913826	-37.452255	0.4375	3
82.06628	-59.25878	0.2911392405063291	4
78.56617	-25.044868	0.1724137931034483	4
88.366135	-13.715569	0.29411764705882354	3
92.98896	-36.384224	0.15	2
81.18022	-38.982014	0.3404255319148936	4
78.246925	-68.11983	0.14285714285714285	5
53.10458	-51.071907	0.265625	4
89.13661	-16.606604	0.3333333333333333	3
36.06542	-17.924038	0.2631578947368421	5
80.48436	-37.563126	0.3125	3
85.94184	-26.741192	0.24444444444444444	3
82.962555	-28.35577	0.2857142857142857	3
95.48323	-20.232086	0.3484848484848485	3
62.228203	-78.862816	0.4117647058823529	5
94.69265	-16.195213	0.38235294117647056	4
79.06717	-52.83986	0.4117647058823529	3
80.23172	-17.789188	0.2222222222222222	2
94.841774	-20.20046	0.23809523809523808	3
99.47184	-20.943262	0.38461538461538464	5
68.40502	-15.769426	0.09090909090909091	2
86.07078	-12.666534	0.37037037037037035	3
83.42803	-32.331783	0.41935483870967744	3
83.37584	-24.708868	0.2	5
99.03428	-11.473866	0.2631578947368421	3
78.189285	-31.314728	0.2926829268292683	2
88.99521	-19.731924	0.2608695652173913	3
90.058784	-24.406088	0.35	2
90.6273	-26.364124	0.26666666666666666	5
88.77883	-18.365534	0.1935483870967742	1
78.6884	-31.79696	0.25	4
87.38004	-22.27718	0.3076923076923077	3
99.51625	-10.593367	0.3333333333333333	1
59.42979	-52.4127	0.38235294117647056	2
76.68754	-34.775627	0.26666666666666666	3
81.29932	-24.044834	0.2222222222222222	3
71.398674	-35.87291	0.32098765432098764	4
75.75347	-21.869473	0.3111111111111111	2
88.48822	-27.75274	0.3333333333333333	4
96.18569	-11.952205	0.43243243243243246	3
78.228004	-33.45021	0.3181818181818182	1
97.48174	-17.839987	0.23809523809523808	2
85.76047	-49.16626	0.29411764705882354	4
80.413086	-49.39467	0.20833333333333334	4
94.93024	-11.031693	0.37142857142857144	2
91.10874	-26.36488	0.358974358974359	1
86.55429	-18.550938	0.34210526315789475	3
92.91214	-76.82555	0.2	4
90.55761	-16.556252	0.28125	2
80.419365	-38.522827	0.26666666666666666	3
75.912895	-38.56407	0.2903225806451613	2
98.925835	-19.571896	0.35714285714285715	3
74.40347	-19.403719	0.4166666666666667	5
81.24526	-34.910778	0.2857142857142857	4
57.86183	-33.389946	0.38095238095238093	5
80.195595	-27.263823	0.30434782608695654	4
76.065765	-19.369703	0.3111111111111111	3
60.18259	-37.088448	0.4426229508196721	5
75.911255	-28.09271	0.42857142857142855	3
93.08482	-42.002518	0.3076923076923077	4
82.008484	-40.989223	0.42857142857142855	5
68.667984	-38.706905	0.3333333333333333	2
99.80661	-19.955694	0.35294117647058826	4
95.21878	-24.254934	0.2857142857142857	2
98.52345	-21.105585	0.3548387096774194	2
80.6905	-22.288332	0.3333333333333333	2
99.3102	-42.329926	0.2	3
99.495964	-46.872845	0.44	2
65.06708	-26.273357	0.35714285714285715	3
78.288925	-16.313532	0.2	3
77.33666	-18.71258	0.3442622950819672	3
99.22684	-26.370249	0.2413793103448276	2
99.79554	-21.982708	0.16666666666666666	4
99.75815	-26.33914	0.2222222222222222	2
68.49334	-83.76349	0.2631578947368421	4
79.74828	-42.59644	0.21428571428571427	4
99.266655	-23.762108	0.1935483870967742	1
71.4467	-72.081474	0.1935483870967742	5
79.33988	-36.380634	0.3137254901960784	2
84.254776	-34.35253	0.2962962962962963	1
82.5386	-22.636398	0.2830188679245283	2
84.04748	-35.865246	0.3125	5
98.256134	-11.374376	0.3157894736842105	2
68.687225	-20.45338	0.27586206896551724	5
87.297424	-20.667944	0.125	3
85.962845	-28.975271	0.37209302325581395	5
99.99238	-15.766216	0.13043478260869565	2
58.72225	-75.27032	0.42105263157894735	5
69.28913	-26.834915	0.19047619047619047	4
78.00397	-41.838108	0.34	2
90.96269	-18.874577	0.40625	3
87.55884	-42.865135	0.2222222222222222	4
73.30804	-44.733505	0.3220338983050847	4
77.96574	-22.898575	0.23809523809523808	2
91.54283	-26.479458	0.3181818181818182	5
83.3204	-16.238176	0.13953488372093023	4
76.06904	-52.558563	0.2894736842105263	3
89.522606	-37.672024	0.23255813953488372	4
62.083458	-52.874805	0.38095238095238093	5
99.89145	-21.216887	0.3939393939393939	3
76.95256	-33.220448	0.3333333333333333	2
70.28682	-58.19097	0.2916666666666667	5
74.86914	-49.128227	0.29411764705882354	3
88.982864	-26.193613	0.2564102564102564	1
85.03773	-33.622074	0.24489795918367346	3
62.942127	-72.05202	0.1891891891891892	3
89.20937	-37.3599	0.30612244897959184	5
91.76651	-25.07639	0.3939393939393939	4
81.77858	-21.781836	0.4222222222222222	2
93.14861	-12.193435	0.2413793103448276	3
65.06266	-44.54642	0.22580645161290322	2
66.84593	-27.750753	0.3404255319148936	5
84.23044	-21.790756	0.3492063492063492	3
67.4676	-23.271942	0.4	2
68.09277	-40.530174	0.2692307692307692	2
82.68338	-24.84394	0.08333333333333333	3
70.04682	-80.824974	0.35135135135135137	5
86.51097	-37.48323	0.32	3
87.56739	-21.466389	0.28205128205128205	4
99.23101	-23.99094	0.27586206896551724	4
72.57075	-38.529472	0.41935483870967744	3
81.309074	-29.964027	0.3333333333333333	2
78.51164	-46.447105	0.36363636363636365	5
41.09732	-86.1863	0.16666666666666666	3
62.937542	-37.443115	0.2558139534883721	3
86.153145	-31.497604	0.17777777777777778	3
69.56875	-42.724583	0.28125	4
75.30504	-27.863499	0.21739130434782608	5
74.7853	-52.793594	0.4583333333333333	2
90.702194	-40.838757	0.34285714285714286	3
98.714195	-20.751554	0.24390243902439024	2
83.87278	-30.949648	0.21428571428571427	5
88.99792	-14.663064	0.2962962962962963	3
80.48582	-24.088348	0.24561403508771928	3
68.49165	-30.407942	0.34210526315789475	5
77.484085	-37.632824	0.20689655172413793	3
91.22725	-22.483448	0.21875	3
56.351574	-189.37206	0.25	3
76.941124	-23.75861	0.2857142857142857	2
94.76079	-15.453202	0.42857142857142855	3
70.24854	-49.05709	0.39285714285714285	5
73.92478	-41.378418	0.20588235294117646	4
91.424675	-79.12616	0.09523809523809523	2
87.61712	-32.98949	0.36666666666666664	3
77.3659	-26.061852	0.4473684210526316	5
89.16243	-51.11655	0.21568627450980393	3
72.492905	-56.365585	0.3488372093023256	5
98.930176	-28.967085	0.35714285714285715	2
94.79472	-44.924156	0.20833333333333334	3
86.46219	-31.273767	0.38461538461538464	4
99.76995	-14.188935	0.24	1
84.36002	-37.36792	0.18181818181818182	5
76.880615	-20.433563	0.2571428571428571	2
91.17249	-13.088446	0.19047619047619047	1
74.1079	-62.405514	0.3898305084745763	5
75.55958	-29.443857	0.29545454545454547	3
92.1121	-20.368923	0.2857142857142857	2
79.83217	-40.37783	0.36	3
88.659454	-25.440197	0.30434782608695654	3
86.29862	-31.926052	0.2857142857142857	5
87.80026	-38.012386	0.42857142857142855	4
84.88113	-26.24021	0.3225806451612903	5
78.69372	-33.85982	0.09523809523809523	2
82.89229	-6.5154023	0.0	2
88.33744	-21.167156	0.28888888888888886	2
85.99748	-19.48461	0.14035087719298245	3
70.70358	-37.140007	0.36	3
86.93072	-13.851525	0.35135135135135137	2
92.77003	-29.469967	0.22580645161290322	2
82.879585	-30.23254	0.2857142857142857	3
77.8639	-27.86756	0.4166666666666667	3
86.111145	-24.892359	0.24444444444444444	4
59.577347	-32.109253	0.3953488372093023	4
47.910812	-89.30514	0.4	5
84.37997	-29.639978	0.26666666666666666	3
80.76027	-22.666847	0.25925925925925924	3
78.952805	-30.159903	0.25	3
95.62263	-24.833897	0.22580645161290322	3
72.67542	-29.020103	0.3220338983050847	3
80.778946	-20.038502	0.27586206896551724	2
64.82455	-39.576473	0.3235294117647059	5
91.21204	-31.9194	0.1935483870967742	3
89.05911	-25.526217	0.19672131147540983	4
84.58019	-41.212387	0.24	4
87.364784	-16.279137	0.29850746268656714	3
83.07012	-29.883877	0.25925925925925924	3
85.2372	-69.51036	0.3684210526315789	5
86.45204	-23.037283	0.24324324324324326	1
75.321495	-27.76078	0.3170731707317073	3
88.4024	-19.2605	0.36666666666666664	4
81.249756	-39.64309	0.3076923076923077	4
39.24963	-109.190575	0.2222222222222222	3
83.50965	-42.74337	0.35294117647058826	4
87.433136	-28.093916	0.22727272727272727	3
77.121216	-48.16521	0.30434782608695654	3
88.24115	-26.12846	0.28846153846153844	3
99.12996	-4.0126762	0.16666666666666666	1
90.59231	-12.462719	0.2692307692307692	3
69.97265	-30.97369	0.3770491803278688	4
90.345314	-13.775362	0.23809523809523808	3
78.137634	-34.277493	0.4642857142857143	5
82.669754	-28.217014	0.36	1
71.7145	-40.98606	0.2765957446808511	3
94.31282	-19.288963	0.3541666666666667	4
75.95314	-41.934406	0.35294117647058826	4
88.05686	-29.23595	0.4	3
99.65574	-28.208403	0.3	4
93.319786	-29.75881	0.3548387096774194	3
82.91673	-26.89279	0.2857142857142857	3
90.90609	-42.25563	0.2727272727272727	5
83.74997	-58.41567	0.37037037037037035	2
99.44724	-12.172725	0.18518518518518517	3
77.867905	-87.10812	0.19047619047619047	3
88.66776	-22.621105	0.22857142857142856	2
87.96535	-40.217987	0.3076923076923077	5
83.16707	-42.132202	0.4583333333333333	3
83.85965	-22.72747	0.21428571428571427	2
89.052895	-26.166496	0.3076923076923077	3
87.41768	-21.96716	0.24561403508771928	3
84.08401	-25.537315	0.2711864406779661	5
60.969852	-77.06966	0.37142857142857144	5
85.25687	-44.281673	0.32	5
92.52759	-15.518845	0.32142857142857145	2
80.29176	-46.271225	0.34	3
76.79273	-49.80431	0.34615384615384615	4
81.54861	-28.494923	0.2916666666666667	3
69.476456	-42.965122	0.375	5
80.324425	-27.673203	0.4411764705882353	3
75.44436	-43.08983	0.29411764705882354	4
85.250725	-61.069565	0.14814814814814814	3
94.355064	-27.633923	0.3333333333333333	3
82.825	-36.463818	0.275	3
98.673004	-50.878284	0.23809523809523808	2
86.94352	-17.217413	0.23076923076923078	3
99.557335	-40.387905	0.25806451612903225	4
98.20278	-13.688922	0.2631578947368421	5
81.03113	-35.62433	0.2708333333333333	3
99.476685	-21.60822	0.3888888888888889	2
78.46005	-29.064476	0.3076923076923077	3
89.82425	-26.06517	0.15384615384615385	4
86.71581	-38.02793	0.27586206896551724	3
54.589867	-46.843433	0.34782608695652173	5
90.58668	-26.188566	0.34615384615384615	3
80.459465	-58.76483	0.42857142857142855	2
80.31781	-35.493935	0.38095238095238093	3
71.875175	-39.858562	0.32786885245901637	5
77.28928	-19.062237	0.375	5
63.10784	-26.896036	0.3246753246753247	3
65.306	-19.443214	0.23404255319148937	5
69.44037	-21.871227	0.3902439024390244	3
79.3713	-58.52577	0.26	4
80.77726	-19.249144	0.21212121212121213	3
87.96853	-36.836052	0.21739130434782608	2
99.624985	-25.01146	0.4666666666666667	3
98.79727	-6.704574	0.3076923076923077	3
86.88875	-54.551308	0.25	4
78.36774	-45.70918	0.16	2
92.21721	-19.118046	0.391304347826087	1
84.58459	-24.936428	0.375	4
89.93212	-59.13384	0.42857142857142855	4
71.8513	-32.208336	0.35555555555555557	3
56.135674	-29.646963	0.3181818181818182	3
90.59032	-40.81888	0.3684210526315789	2
74.09026	-66.87787	0.5263157894736842	4
86.557106	-40.044464	0.2682926829268293	3
76.502945	-51.44735	0.3548387096774194	5
69.43238	-35.113537	0.358974358974359	3
75.606125	-14.886176	0.047619047619047616	3
85.580345	-40.285847	0.3333333333333333	3
91.02617	-70.05583	0.34285714285714286	4
83.10341	-18.947495	0.4074074074074074	3
82.38209	-23.552763	0.4074074074074074	4
72.83463	-39.55639	0.2926829268292683	3
91.536766	-19.619427	0.4583333333333333	3
89.22772	-13.666784	0.35294117647058826	3
70.92601	-35.90529	0.3103448275862069	2
93.56646	-23.70053	0.19444444444444445	3
76.11959	-29.688232	0.2962962962962963	3
77.031456	-33.444717	0.48148148148148145	3
94.886406	-31.704802	0.3870967741935484	3
53.302555	-22.306396	0.3333333333333333	5
83.95481	-25.19211	0.11428571428571428	4
74.42875	-36.26199	0.4	2
92.554344	-51.951916	0.25	5
92.850914	-18.199259	0.19444444444444445	2
84.20398	-64.79347	0.19047619047619047	4
60.392506	-16.152779	0.23809523809523808	4
86.77312	-24.535006	0.23333333333333334	2
83.11377	-38.17698	0.4642857142857143	2
88.371346	-29.424665	0.24242424242424243	3
67.51448	-36.9441	0.10344827586206896	2
70.15502	-18.962187	0.16666666666666666	2
75.463524	-60.238144	0.3157894736842105	3
86.6133	-24.114061	0.3902439024390244	2
72.27868	-94.5581	0.28125	2
84.20518	-55.61717	0.29411764705882354	5
65.9863	-62.257153	0.2564102564102564	3
99.28201	-13.091426	0.12244897959183673	2
79.6943	-27.73662	0.3333333333333333	4
63.809692	-23.51068	0.4069767441860465	4
97.97278	-15.880179	0.3225806451612903	3
91.183136	-65.72726	0.38636363636363635	5
78.01707	-15.982304	0.16	2
72.726105	-8.624344	0.25	2
56.85941	-80.25871	0.4090909090909091	5
85.05253	-29.309072	0.5263157894736842	4
94.567856	-20.312847	0.2222222222222222	3
100.0	-32.624477	0.3333333333333333	2
82.80259	-19.73546	0.23529411764705882	3
84.60584	-28.834728	0.43103448275862066	3
72.13133	-35.97453	0.3939393939393939	5
68.29888	-64.8477	0.11764705882352941	3
84.80625	-18.216568	0.3170731707317073	3
100.0	-44.47785	0.3333333333333333	3
84.34071	-19.99372	0.3333333333333333	3
65.52953	-71.99471	0.2926829268292683	4
82.3041	-40.897686	0.2702702702702703	2
70.194305	-30.69122	0.4473684210526316	4
96.021255	-18.435814	0.2727272727272727	5
62.3308	-31.584703	0.27586206896551724	4
83.59978	-39.33575	0.15789473684210525	2
50.48443	-30.088287	0.40476190476190477	5
88.3591	-26.002628	0.30303030303030304	4
80.71677	-41.179634	0.1935483870967742	2
83.38652	-54.634598	0.2	4
80.43246	-30.169048	0.36065573770491804	2
83.995346	-22.38254	0.3148148148148148	1
84.10978	-53.429268	0.25806451612903225	2
78.30363	-48.919582	0.26666666666666666	3
90.68184	-51.61111	0.23076923076923078	5
55.12663	-95.82178	0.28888888888888886	4
94.459854	-33.521366	0.43333333333333335	3
82.27797	-44.229336	0.2692307692307692	5
91.16813	-22.805824	0.4642857142857143	2
91.17265	-48.986465	0.2777777777777778	2
92.46772	-22.693562	0.13636363636363635	4
85.43408	-46.0693	0.3870967741935484	4
65.00874	-22.209566	0.23809523809523808	3
99.12887	-11.1619215	0.2631578947368421	1
89.32992	-25.642307	0.2962962962962963	3
81.51588	-37.301353	0.38461538461538464	3
92.434746	-19.019493	0.3125	4
88.364845	-18.728836	0.2727272727272727	3
73.97029	-35.095425	0.3333333333333333	5
99.168434	-23.319454	0.20689655172413793	2
86.608475	-23.700178	0.17647058823529413	5
80.88433	-26.539734	0.25301204819277107	3
86.361244	-16.464436	0.26153846153846155	3
99.53462	-24.700087	0.0	3
58.136868	-43.26542	0.1875	5
90.253044	-35.440636	0.28846153846153844	4
75.67412	-12.171212	0.25	2
89.66989	-20.073772	0.3333333333333333	3
76.42083	-71.47812	0.25	3
71.84995	-22.698883	0.14285714285714285	3
83.18779	-17.48109	0.36538461538461536	2
53.93315	-43.085426	0.28	2
98.79353	-27.006481	0.4	2
99.861176	-5.3288517	0.19047619047619047	3
88.209526	-15.901907	0.2903225806451613	3
87.37393	-22.46279	0.2	3
80.68917	-25.548525	0.15384615384615385	5
90.19784	-31.803772	0.32142857142857145	2
69.88773	-56.184013	0.2727272727272727	3
90.13719	-56.538074	0.42857142857142855	4
69.00442	-105.77306	0.19047619047619047	4
72.532455	-26.51293	0.38095238095238093	5
92.12164	-36.655354	0.40476190476190477	3
74.05616	-38.81605	0.3018867924528302	5
92.73003	-21.872995	0.24324324324324326	3
86.5599	-19.642614	0.24074074074074073	2
94.190025	-22.483788	0.3548387096774194	2
90.790276	-14.785123	0.21212121212121213	2
80.88328	-25.205166	0.44	2
93.20167	-37.624256	0.16666666666666666	4
72.64482	-31.586653	0.23529411764705882	3
62.358932	-95.07641	0.2916666666666667	3
84.07405	-23.230673	0.2037037037037037	3
71.52247	-29.976677	0.25	4
85.42858	-40.781193	0.21428571428571427	2
73.66909	-34.39371	0.2765957446808511	5
91.561844	-41.74918	0.2903225806451613	3
51.401386	-95.17361	0.23809523809523808	5
90.91961	-17.936237	0.2127659574468085	1
98.97648	-20.864037	0.35714285714285715	3
86.29317	-32.20599	0.37209302325581395	4
86.47492	-39.80308	0.3442622950819672	4
92.18346	-22.528786	0.35	3
84.198654	-24.07648	0.28888888888888886	3
89.81255	-33.014122	0.3333333333333333	4
62.99953	-32.302986	0.39344262295081966	5
74.85542	-30.349096	0.27586206896551724	4
61.05135	-46.931892	0.36666666666666664	4
83.53753	-22.248585	0.2972972972972973	4
80.45658	-42.130096	0.41379310344827586	3
69.35745	-56.570824	0.4166666666666667	4
75.267715	-29.249727	0.25925925925925924	1
77.587845	-29.631577	0.323943661971831	2
88.70053	-33.761795	0.25	4
86.75954	-30.861153	0.3333333333333333	4
78.780136	-41.878544	0.28888888888888886	3
78.27662	-33.614567	0.3684210526315789	4
75.85245	-18.141314	0.17647058823529413	5
80.44017	-49.152916	0.2647058823529412	5
77.81064	-36.18502	0.12	3
92.86737	-27.671263	0.35	2
84.240486	-16.177534	0.36363636363636365	3
76.50109	-66.42547	0.35294117647058826	3
99.69361	-29.252136	0.17857142857142858	2
81.673935	-34.62773	0.22727272727272727	5
54.465324	-83.45341	0.37142857142857144	4
75.656334	-37.19253	0.26666666666666666	2
88.6724	-39.582397	0.25806451612903225	5
80.0409	-36.7629	0.2692307692307692	3
86.56158	-29.693405	0.24	2
90.268	-21.841475	0.3902439024390244	3
84.42943	-19.64895	0.2	3
79.864044	-23.21439	0.39473684210526316	5
51.759766	-20.777372	0.6	2
88.34119	-19.365799	0.1935483870967742	3
91.83535	-32.67578	0.3958333333333333	5
98.57444	-33.14589	0.23684210526315788	3
81.674164	-30.523466	0.21428571428571427	3
67.2177	-39.350975	0.34615384615384615	5
83.69909	-26.475365	0.3333333333333333	3
83.22859	-37.323235	0.3488372093023256	3
98.75374	-16.883095	0.2916666666666667	4
81.73398	-46.24326	0.48	2
91.10318	-23.52897	0.43478260869565216	4
82.806465	-28.527962	0.3333333333333333	5
81.18181	-17.184227	0.35	1
81.544395	-25.16616	0.24074074074074073	2
85.981384	-24.08821	0.3275862068965517	3
92.769844	-16.190727	0.2903225806451613	2
63.930393	-31.995981	0.38461538461538464	5
88.35253	-30.652246	0.40625	4
84.66666	-38.81586	0.43243243243243246	2
79.42275	-29.210394	0.32	2
89.90701	-25.106041	0.3770491803278688	2
89.13692	-22.540995	0.3076923076923077	1
87.97448	-58.77856	0.4	3
64.146164	-54.969383	0.18518518518518517	3
77.41638	-61.61609	0.45161290322580644	4
85.28344	-42.885517	0.3103448275862069	3
84.46867	-39.153915	0.17391304347826086	4
83.720436	-27.720844	0.23728813559322035	4
83.81597	-21.058073	0.5185185185185185	3
48.18638	-17.562664	0.4666666666666667	2
89.839615	-14.679755	0.25	2
75.4419	-42.54663	0.2222222222222222	4
65.42774	-8.141746	0.3333333333333333	5
99.42837	-19.76409	0.15	3
92.20643	-21.482143	0.23809523809523808	2
86.79248	-16.924227	0.2857142857142857	3
81.31624	-32.873848	0.375	5
73.148926	-21.766205	0.34782608695652173	4
90.7788	-31.93448	0.3287671232876712	4
91.36397	-40.325317	0.11764705882352941	2
66.28099	-152.58926	0.3125	5
87.75936	-19.017765	0.43902439024390244	4
84.832245	-21.062819	0.32653061224489793	3
79.97804	-37.756927	0.39473684210526316	4
92.07481	-14.357678	0.5365853658536586	3
82.18507	-35.529774	0.22580645161290322	4
79.75415	-16.543886	0.3333333333333333	2
81.019966	-27.216751	0.2916666666666667	3
95.16929	-25.584366	0.2647058823529412	3
88.146805	-26.853092	0.1951219512195122	2
86.42432	-36.676388	0.21739130434782608	3
73.3657	-23.846436	0.26666666666666666	3
79.17866	-61.379528	0.34545454545454546	3
99.16152	-27.275955	0.2608695652173913	3
79.58783	-51.954548	0.3157894736842105	3
79.156685	-43.472267	0.34146341463414637	5
68.12372	-61.01618	0.3333333333333333	2
94.73431	-29.496008	0.35294117647058826	4
91.18151	-31.416843	0.14814814814814814	4
96.83709	-12.986376	0.08695652173913043	3
82.54598	-28.770483	0.2	3
81.66208	-23.178633	0.21739130434782608	4
85.603035	-32.291553	0.23214285714285715	2
100.0	-17.021908	0.13333333333333333	2
98.71419	-37.501736	0.32432432432432434	3
95.16465	-14.897374	0.34375	2
73.8917	-63.952045	0.2647058823529412	3
82.45345	-26.68316	0.3333333333333333	3
97.67619	-16.443256	0.3684210526315789	3
92.98866	-31.634504	0.3939393939393939	3
99.28798	-10.349398	0.4375	2
58.90439	-46.38704	0.15384615384615385	3
92.21785	-9.241452	0.36363636363636365	3
70.58572	-34.85659	0.18181818181818182	2
59.10582	-43.33985	0.26666666666666666	4
72.43215	-18.740362	0.23809523809523808	2
52.505764	-37.579235	0.35294117647058826	5
98.89273	-35.8687	0.14285714285714285	3
83.554375	-36.847424	0.15384615384615385	4
77.13408	-19.132217	0.2857142857142857	5
49.818504	-13.322223	0.36363636363636365	5
95.869194	-24.149378	0.2777777777777778	2
85.99298	-24.283802	0.23809523809523808	4
94.84936	-9.055154	0.36585365853658536	2
90.497055	-23.55188	0.24561403508771928	3
100.0	-70.537415	0.2727272727272727	4
94.31671	-12.87964	0.21428571428571427	1
82.63822	-20.405478	0.3611111111111111	2
84.79572	-39.66329	0.3235294117647059	3
93.28914	-15.260954	0.42424242424242425	3
89.12834	-46.67756	0.15789473684210525	3
80.53839	-28.519192	0.47619047619047616	3
78.45411	-24.173502	0.2	3
98.38681	-20.961164	0.16666666666666666	3
73.296074	-75.415596	0.32142857142857145	5
89.8393	-28.439758	0.42424242424242425	2
79.8338	-49.969707	0.32558139534883723	3
88.62286	-27.523916	0.16666666666666666	3
99.41012	-14.44235	0.2	1
87.77794	-18.73298	0.2857142857142857	1
68.824936	-91.281944	0.2857142857142857	4
85.14934	-33.04589	0.2727272727272727	5
96.078125	-14.960882	0.36666666666666664	2
89.81021	-29.33852	0.3142857142857143	4
94.64859	-20.654503	0.2692307692307692	2
100.0	-18.900763	0.21428571428571427	2
88.92853	-39.32539	0.21739130434782608	3
94.19187	-24.512861	0.32558139534883723	3
82.52454	-52.13317	0.3090909090909091	3
89.90835	-21.342033	0.3076923076923077	2
70.661865	-21.439894	0.15789473684210525	3
90.28107	-19.03589	0.20689655172413793	2
91.69428	-22.544113	0.2894736842105263	3
87.04797	-29.548615	0.3	2
81.05782	-17.693974	0.2564102564102564	3
66.06251	-71.637054	0.2857142857142857	2
74.89115	-24.164478	0.25925925925925924	3
93.27202	-23.81891	0.34375	2
99.54363	-37.65926	0.3076923076923077	5
73.77782	-45.863743	0.36585365853658536	3
89.7415	-19.158981	0.2857142857142857	3
94.41933	-23.786175	0.3076923076923077	2
94.97112	-19.802837	0.3333333333333333	2
87.5128	-28.414753	0.3142857142857143	2
74.42864	-46.862415	0.4117647058823529	4
57.498947	-42.82308	0.19148936170212766	5
89.1528	-62.082916	0.3076923076923077	5
82.01734	-64.40687	0.38095238095238093	3
78.28662	-32.52301	0.35294117647058826	2
74.64264	-56.29726	0.36363636363636365	3
83.56874	-44.804115	0.38596491228070173	3
85.199524	-49.015835	0.40384615384615385	4
77.41239	-81.00466	0.4	2
86.46869	-32.12666	0.36363636363636365	3
79.75176	-35.5901	0.358974358974359	5
65.36492	-38.724846	0.20588235294117646	5
84.38393	-45.930218	0.27586206896551724	5
94.82719	-32.21863	0.21875	3
92.13145	-25.085903	0.3333333333333333	3
89.12609	-22.321728	0.11764705882352941	3
81.48908	-30.265175	0.27586206896551724	4
87.44755	-36.93313	0.3111111111111111	3
82.65363	-9.530412	0.35714285714285715	5
84.713585	-23.514704	0.375	4
78.89941	-39.65289	0.38095238095238093	3
99.44305	-31.797955	0.30303030303030304	3
82.18564	-21.668386	0.3333333333333333	3
99.24104	-12.0735655	0.32	1
72.67936	-62.523376	0.45714285714285713	5
82.53339	-28.947458	0.2972972972972973	2
75.330536	-19.735458	0.5416666666666666	5
94.943085	-18.045841	0.3448275862068966	3
66.437904	-35.604424	0.28	5
73.0244	-42.526104	0.27450980392156865	3
82.63984	-48.376316	0.3684210526315789	5
98.12682	-6.343271	0.13636363636363635	1
87.51563	-33.996258	0.4782608695652174	3
72.93425	-61.967594	0.2542372881355932	4
92.306946	-25.812109	0.2727272727272727	3
62.77305	-59.46499	0.3076923076923077	3
92.148705	-23.058569	0.3559322033898305	3
95.03575	-23.577265	0.28125	2
83.52962	-13.68552	0.15384615384615385	2
89.067665	-14.135523	0.3170731707317073	3
94.55468	-22.260551	0.2222222222222222	3
86.469864	-16.60305	0.34375	4
85.256	-23.317604	0.19047619047619047	3
76.34846	-28.85169	0.4090909090909091	2
91.42711	-18.61898	0.2608695652173913	2
80.285995	-32.444317	0.38181818181818183	5
88.32889	-26.697165	0.4	3
69.69493	-51.461853	0.058823529411764705	4
81.66339	-20.439692	0.3125	4
90.07604	-13.141196	0.2413793103448276	2
99.24292	-23.73679	0.3333333333333333	1
80.25657	-33.04774	0.34782608695652173	2
91.88005	-42.904827	0.22727272727272727	3
87.92783	-15.916373	0.2222222222222222	1
84.36577	-36.096348	0.2602739726027397	3
75.14871	-32.87502	0.3684210526315789	4
99.26248	-17.57455	0.2	3
81.75722	-28.20701	0.32727272727272727	3
69.92383	-33.394062	0.25806451612903225	5
72.24122	-34.83577	0.5	3
81.34392	-50.05396	0.26666666666666666	5
56.6026	-92.018234	0.27450980392156865	5
89.91264	-14.98683	0.28125	3
88.70297	-22.611612	0.3076923076923077	2
91.37101	-23.465069	0.375	1
70.998276	-47.8442	0.10714285714285714	5
71.43397	-14.802769	0.25925925925925924	3
85.8793	-28.091114	0.3	1
89.086945	-21.542969	0.2711864406779661	4
87.46325	-85.67918	0.40625	5
93.68326	-24.671837	0.14285714285714285	3
93.33041	-20.747921	0.28205128205128205	3
80.10858	-27.720167	0.3333333333333333	3
92.87699	-12.739694	0.14285714285714285	3
65.671745	-16.315937	0.2727272727272727	4
92.45574	-26.784554	0.26666666666666666	2
68.61718	-48.54158	0.32142857142857145	2
82.94015	-33.71827	0.19047619047619047	4
98.99907	-13.350318	0.21428571428571427	2
